V1	I1	V2	I2	V3	I3
0.00000E+00	5.51920E-10	-2.38000E-02	0.00000E+00	0.00000E+00	-4.31000E-10
2.00000E-02	3.09800E-11	-6.40000E-03	0.00000E+00	0.00000E+00	-2.12250E-09
4.00000E-02	-5.67850E-10	1.56800E-02	0.00000E+00	0.00000E+00	1.66880E-09
6.00000E-02	1.20780E-10	3.38000E-02	0.00000E+00	0.00000E+00	1.90860E-09
8.00000E-02	6.57170E-10	5.66000E-02	0.00000E+00	0.00000E+00	-2.01320E-09
1.00000E-01	-3.96720E-10	7.73200E-02	0.00000E+00	0.00000E+00	-8.05000E-11
1.20000E-01	1.19000E-12	9.57600E-02	0.00000E+00	0.00000E+00	2.16140E-09
1.40000E-01	8.42590E-10	1.15640E-01	0.00000E+00	0.00000E+00	-1.43060E-09
1.60000E-01	1.20940E-10	1.33160E-01	0.00000E+00	0.00000E+00	-2.07810E-09
1.80000E-01	-2.45450E-10	1.54680E-01	0.00000E+00	0.00000E+00	1.67560E-09
2.00000E-01	8.18500E-10	1.76280E-01	0.00000E+00	0.00000E+00	1.90620E-09
2.20000E-01	1.13290E-09	1.95160E-01	0.00000E+00	0.00000E+00	-3.03280E-09
2.40000E-01	1.25730E-09	2.12920E-01	0.00000E+00	0.00000E+00	-2.84370E-09
2.60000E-01	1.35960E-09	2.31000E-01	0.00000E+00	0.00000E+00	-2.53560E-09
2.80000E-01	1.36600E-09	2.53680E-01	0.00000E+00	0.00000E+00	-2.37800E-09
3.00000E-01	1.74590E-09	2.72080E-01	0.00000E+00	0.00000E+00	-1.94640E-09
3.20000E-01	3.77950E-09	2.94320E-01	0.00000E+00	0.00000E+00	-1.44850E-09
3.40000E-01	7.16070E-09	3.12120E-01	0.00000E+00	0.00000E+00	-7.79190E-09
3.60000E-01	1.17998E-08	3.27600E-01	0.00000E+00	0.00000E+00	-1.35536E-08
3.80000E-01	1.78508E-08	3.45200E-01	0.00000E+00	0.00000E+00	-1.95800E-08
4.00000E-01	2.71854E-08	3.60280E-01	0.00000E+00	0.00000E+00	-2.78372E-08
4.20000E-01	3.92588E-08	3.75440E-01	0.00000E+00	0.00000E+00	-3.74352E-08
4.40000E-01	5.32542E-08	3.83440E-01	0.00000E+00	0.00000E+00	-5.32746E-08
4.60000E-01	6.78390E-08	3.91200E-01	0.00000E+00	0.00000E+00	-6.96418E-08
4.80000E-01	7.80090E-08	3.96800E-01	0.00000E+00	0.00000E+00	-7.60286E-08
5.00000E-01	8.72100E-08	3.98760E-01	0.00000E+00	0.00000E+00	-8.68044E-08
5.20000E-01	9.52398E-08	4.02960E-01	0.00000E+00	0.00000E+00	-9.75008E-08
5.40000E-01	1.01055E-07	4.04880E-01	0.00000E+00	0.00000E+00	-1.01010E-07
5.60000E-01	1.06791E-07	4.07200E-01	0.00000E+00	0.00000E+00	-1.04331E-07
5.80000E-01	1.12811E-07	4.08760E-01	0.00000E+00	0.00000E+00	-1.13301E-07
6.00000E-01	1.18000E-07	4.09520E-01	0.00000E+00	0.00000E+00	-1.15420E-07
6.20000E-01	1.24140E-07	4.11880E-01	0.00000E+00	0.00000E+00	-1.21580E-07
6.40000E-01	1.30080E-07	4.13560E-01	0.00000E+00	0.00000E+00	-1.29580E-07
6.60000E-01	1.36200E-07	4.14640E-01	0.00000E+00	0.00000E+00	-1.39060E-07
6.80000E-01	1.42540E-07	4.16280E-01	0.00000E+00	0.00000E+00	-1.44400E-07
7.00000E-01	1.49600E-07	4.17680E-01	0.00000E+00	0.00000E+00	-1.48840E-07
7.20000E-01	1.56280E-07	4.18600E-01	0.00000E+00	0.00000E+00	-1.52860E-07
7.40000E-01	1.62900E-07	4.21080E-01	0.00000E+00	0.00000E+00	-1.61320E-07
7.60000E-01	1.72020E-07	4.22600E-01	0.00000E+00	0.00000E+00	-1.72000E-07
7.80000E-01	1.78220E-07	4.24080E-01	0.00000E+00	0.00000E+00	-1.81980E-07
8.00000E-01	1.86220E-07	4.25440E-01	0.00000E+00	0.00000E+00	-1.88180E-07
8.20000E-01	1.95220E-07	4.25080E-01	0.00000E+00	0.00000E+00	-1.98040E-07
8.40000E-01	2.04040E-07	4.28360E-01	0.00000E+00	0.00000E+00	-2.01000E-07
8.60000E-01	2.13080E-07	4.30040E-01	0.00000E+00	0.00000E+00	-2.10620E-07
8.80000E-01	2.22580E-07	4.31680E-01	0.00000E+00	0.00000E+00	-2.24980E-07
9.00000E-01	2.32800E-07	4.33000E-01	0.00000E+00	0.00000E+00	-2.36960E-07
9.20000E-01	2.44300E-07	4.34320E-01	0.00000E+00	0.00000E+00	-2.44400E-07
9.40000E-01	2.53880E-07	4.35880E-01	0.00000E+00	0.00000E+00	-2.50860E-07
9.60000E-01	2.63980E-07	4.37360E-01	0.00000E+00	0.00000E+00	-2.63300E-07
9.80000E-01	2.76640E-07	4.39240E-01	0.00000E+00	0.00000E+00	-2.76020E-07
1.00000E+00	2.88780E-07	4.40560E-01	0.00000E+00	0.00000E+00	-2.89460E-07
1.02000E+00	3.00200E-07	4.41600E-01	0.00000E+00	0.00000E+00	-3.04760E-07
1.04000E+00	3.13660E-07	4.43440E-01	0.00000E+00	0.00000E+00	-3.15560E-07
1.06000E+00	3.28220E-07	4.44680E-01	0.00000E+00	0.00000E+00	-3.27760E-07
1.08000E+00	3.42340E-07	4.46280E-01	0.00000E+00	0.00000E+00	-3.38860E-07
1.10000E+00	3.56220E-07	4.47240E-01	0.00000E+00	0.00000E+00	-3.53000E-07
1.12000E+00	3.72300E-07	4.49560E-01	0.00000E+00	0.00000E+00	-3.70020E-07
1.14000E+00	3.88120E-07	4.51000E-01	0.00000E+00	0.00000E+00	-3.89600E-07
1.16000E+00	4.04980E-07	4.52760E-01	0.00000E+00	0.00000E+00	-4.07500E-07
1.18000E+00	4.24680E-07	4.54000E-01	0.00000E+00	0.00000E+00	-4.21900E-07
1.20000E+00	4.51140E-07	4.53160E-01	0.00000E+00	0.00000E+00	-4.50000E-07
1.22000E+00	4.70280E-07	4.54360E-01	0.00000E+00	0.00000E+00	-4.66860E-07
1.24000E+00	4.76480E-07	4.58280E-01	0.00000E+00	0.00000E+00	-4.77520E-07
1.26000E+00	4.98120E-07	4.59840E-01	0.00000E+00	0.00000E+00	-5.01260E-07
1.28000E+00	5.20560E-07	4.61640E-01	0.00000E+00	0.00000E+00	-5.21280E-07
1.30000E+00	5.43260E-07	4.63480E-01	0.00000E+00	0.00000E+00	-5.41480E-07
1.32000E+00	5.66320E-07	4.64960E-01	0.00000E+00	0.00000E+00	-5.63340E-07
1.34000E+00	5.85060E-07	4.66520E-01	0.00000E+00	0.00000E+00	-5.87280E-07
1.36000E+00	6.10300E-07	4.68080E-01	0.00000E+00	0.00000E+00	-6.09420E-07
1.38000E+00	6.37920E-07	4.69600E-01	0.00000E+00	0.00000E+00	-6.40720E-07
1.40000E+00	6.65980E-07	4.71120E-01	0.00000E+00	0.00000E+00	-6.69260E-07
1.42000E+00	6.95940E-07	4.73240E-01	0.00000E+00	0.00000E+00	-6.93900E-07
1.44000E+00	7.19720E-07	4.74600E-01	0.00000E+00	0.00000E+00	-7.19600E-07
1.46000E+00	7.50600E-07	4.76640E-01	0.00000E+00	0.00000E+00	-7.53460E-07
1.48000E+00	7.84360E-07	4.78000E-01	0.00000E+00	0.00000E+00	-7.88940E-07
1.50000E+00	8.15320E-07	4.80040E-01	0.00000E+00	0.00000E+00	-8.20520E-07
1.52000E+00	8.51780E-07	4.81720E-01	0.00000E+00	0.00000E+00	-8.49820E-07
1.54000E+00	8.84920E-07	4.83200E-01	0.00000E+00	0.00000E+00	-8.79160E-07
1.56000E+00	9.23540E-07	4.85240E-01	0.00000E+00	0.00000E+00	-9.18040E-07
1.58000E+00	9.54960E-07	4.87400E-01	0.00000E+00	0.00000E+00	-9.58940E-07
1.60000E+00	9.98540E-07	4.89120E-01	0.00000E+00	0.00000E+00	-9.94240E-07
1.62000E+00	1.04144E-06	4.91040E-01	0.00000E+00	0.00000E+00	-1.03938E-06
1.64000E+00	1.08246E-06	4.92800E-01	0.00000E+00	0.00000E+00	-1.08546E-06
1.66000E+00	1.12808E-06	4.94880E-01	0.00000E+00	0.00000E+00	-1.13448E-06
1.68000E+00	1.17700E-06	4.96920E-01	0.00000E+00	0.00000E+00	-1.17920E-06
1.70000E+00	1.23250E-06	4.98960E-01	0.00000E+00	0.00000E+00	-1.22820E-06
1.72000E+00	1.27970E-06	5.01080E-01	0.00000E+00	0.00000E+00	-1.27840E-06
1.74000E+00	1.32790E-06	5.02720E-01	0.00000E+00	0.00000E+00	-1.32770E-06
1.76000E+00	1.38880E-06	5.05280E-01	0.00000E+00	0.00000E+00	-1.38210E-06
1.78000E+00	1.43720E-06	5.07280E-01	0.00000E+00	0.00000E+00	-1.43520E-06
1.80000E+00	1.49220E-06	5.09200E-01	0.00000E+00	0.00000E+00	-1.49400E-06
1.82000E+00	1.56480E-06	5.11600E-01	0.00000E+00	0.00000E+00	-1.55640E-06
1.84000E+00	1.62860E-06	5.13920E-01	0.00000E+00	0.00000E+00	-1.62060E-06
1.86000E+00	1.69540E-06	5.16120E-01	0.00000E+00	0.00000E+00	-1.68410E-06
1.88000E+00	1.76390E-06	5.17960E-01	0.00000E+00	0.00000E+00	-1.76630E-06
1.90000E+00	1.83880E-06	5.20760E-01	0.00000E+00	0.00000E+00	-1.83380E-06
1.92000E+00	1.90770E-06	5.23000E-01	0.00000E+00	0.00000E+00	-1.91310E-06
1.94000E+00	1.98120E-06	5.25680E-01	0.00000E+00	0.00000E+00	-1.97800E-06
1.96000E+00	2.07100E-06	5.25840E-01	0.00000E+00	0.00000E+00	-2.07060E-06
1.98000E+00	2.14890E-06	5.30960E-01	0.00000E+00	0.00000E+00	-2.14470E-06
2.00000E+00	2.24570E-06	5.33640E-01	0.00000E+00	0.00000E+00	-2.23930E-06
2.02000E+00	2.33410E-06	5.36600E-01	0.00000E+00	0.00000E+00	-2.33220E-06
2.04000E+00	2.44190E-06	5.39480E-01	0.00000E+00	0.00000E+00	-2.42860E-06
2.06000E+00	2.52750E-06	5.40000E-01	0.00000E+00	0.00000E+00	-2.52370E-06
2.08000E+00	2.62200E-06	5.44280E-01	0.00000E+00	0.00000E+00	-2.62230E-06
2.10000E+00	2.74470E-06	5.47440E-01	0.00000E+00	0.00000E+00	-2.73960E-06
2.12000E+00	2.85250E-06	5.50520E-01	0.00000E+00	0.00000E+00	-2.84950E-06
2.14000E+00	2.94460E-06	5.53880E-01	0.00000E+00	0.00000E+00	-2.96010E-06
2.16000E+00	3.08350E-06	5.56480E-01	0.00000E+00	0.00000E+00	-3.08690E-06
2.18000E+00	3.21570E-06	5.59400E-01	0.00000E+00	0.00000E+00	-3.21330E-06
2.20000E+00	3.34440E-06	5.62240E-01	0.00000E+00	0.00000E+00	-3.34770E-06
2.22000E+00	3.48260E-06	5.66080E-01	0.00000E+00	0.00000E+00	-3.48070E-06
2.24000E+00	3.62820E-06	5.69640E-01	0.00000E+00	0.00000E+00	-3.61980E-06
2.26000E+00	3.76750E-06	5.72400E-01	0.00000E+00	0.00000E+00	-3.84090E-06
2.28000E+00	3.92370E-06	5.76400E-01	0.00000E+00	0.00000E+00	-3.92750E-06
2.30000E+00	4.08540E-06	5.79800E-01	0.00000E+00	0.00000E+00	-4.07910E-06
2.32000E+00	4.25530E-06	5.83640E-01	0.00000E+00	0.00000E+00	-4.26650E-06
2.34000E+00	4.42050E-06	5.87400E-01	0.00000E+00	0.00000E+00	-4.42230E-06
2.36000E+00	4.60030E-06	5.91040E-01	0.00000E+00	0.00000E+00	-4.73150E-06
2.38000E+00	4.77970E-06	5.95280E-01	0.00000E+00	0.00000E+00	-4.77800E-06
2.40000E+00	4.97830E-06	5.99360E-01	0.00000E+00	0.00000E+00	-4.97210E-06
2.42000E+00	5.18200E-06	6.03200E-01	0.00000E+00	0.00000E+00	-5.17070E-06
2.44000E+00	5.38960E-06	6.08160E-01	0.00000E+00	0.00000E+00	-5.39320E-06
2.46000E+00	5.60610E-06	6.11480E-01	0.00000E+00	0.00000E+00	-5.60490E-06
2.48000E+00	5.81940E-06	6.15480E-01	0.00000E+00	0.00000E+00	-5.82070E-06
2.50000E+00	6.06800E-06	6.19840E-01	0.00000E+00	0.00000E+00	-6.07420E-06
2.52000E+00	6.31350E-06	6.23960E-01	0.00000E+00	0.00000E+00	-6.32210E-06
2.54000E+00	6.57220E-06	6.28800E-01	0.00000E+00	0.00000E+00	-6.57140E-06
2.56000E+00	6.85070E-06	6.32480E-01	0.00000E+00	0.00000E+00	-7.04040E-06
2.58000E+00	7.15550E-06	6.37680E-01	0.00000E+00	0.00000E+00	-7.11420E-06
2.60000E+00	7.40770E-06	6.42240E-01	0.00000E+00	0.00000E+00	-7.42050E-06
2.62000E+00	7.72290E-06	6.46960E-01	0.00000E+00	0.00000E+00	-7.69810E-06
2.64000E+00	8.04370E-06	6.52200E-01	0.00000E+00	0.00000E+00	-8.03510E-06
2.66000E+00	8.36360E-06	6.56480E-01	0.00000E+00	0.00000E+00	-8.40070E-06
2.68000E+00	8.71460E-06	6.61280E-01	0.00000E+00	0.00000E+00	-8.70610E-06
2.70000E+00	9.06620E-06	6.66480E-01	0.00000E+00	0.00000E+00	-9.03750E-06
2.72000E+00	9.43260E-06	6.70840E-01	0.00000E+00	0.00000E+00	-9.43200E-06
2.74000E+00	9.84400E-06	6.75720E-01	0.00000E+00	0.00000E+00	-9.78010E-06
2.76000E+00	1.02112E-05	6.81160E-01	0.00000E+00	0.00000E+00	-1.01947E-05
2.78000E+00	1.06530E-05	6.85560E-01	0.00000E+00	0.00000E+00	-1.06446E-05
2.80000E+00	1.10835E-05	6.90840E-01	0.00000E+00	0.00000E+00	-1.11215E-05
2.82000E+00	1.16660E-05	6.96360E-01	0.00000E+00	0.00000E+00	-1.16140E-05
2.84000E+00	1.21260E-05	7.02560E-01	0.00000E+00	0.00000E+00	-1.21120E-05
2.86000E+00	1.26260E-05	7.08560E-01	0.00000E+00	0.00000E+00	-1.26000E-05
2.88000E+00	1.34440E-05	7.13600E-01	0.00000E+00	0.00000E+00	-1.34620E-05
2.90000E+00	1.36280E-05	7.18480E-01	0.00000E+00	0.00000E+00	-1.35920E-05
2.92000E+00	1.42300E-05	7.25120E-01	0.00000E+00	0.00000E+00	-1.42520E-05
2.94000E+00	1.48200E-05	7.30280E-01	0.00000E+00	0.00000E+00	-1.48180E-05
2.96000E+00	1.53640E-05	7.35440E-01	0.00000E+00	0.00000E+00	-1.53260E-05
2.98000E+00	1.60060E-05	7.41800E-01	0.00000E+00	0.00000E+00	-1.59740E-05
3.00000E+00	1.67400E-05	7.47360E-01	0.00000E+00	0.00000E+00	-1.66620E-05
3.02000E+00	1.73320E-05	7.53040E-01	0.00000E+00	0.00000E+00	-1.73180E-05
3.04000E+00	1.80560E-05	7.59520E-01	0.00000E+00	0.00000E+00	-1.79940E-05
3.06000E+00	1.87500E-05	7.65760E-01	0.00000E+00	0.00000E+00	-1.86920E-05
3.08000E+00	1.94920E-05	7.71200E-01	0.00000E+00	0.00000E+00	-1.95160E-05
3.10000E+00	2.03420E-05	7.76920E-01	0.00000E+00	0.00000E+00	-2.02240E-05
3.12000E+00	2.11700E-05	7.82520E-01	0.00000E+00	0.00000E+00	-2.10140E-05
3.14000E+00	2.19340E-05	7.88680E-01	0.00000E+00	0.00000E+00	-2.19780E-05
3.16000E+00	2.28720E-05	7.95080E-01	0.00000E+00	0.00000E+00	-2.28300E-05
3.18000E+00	2.37540E-05	8.01760E-01	0.00000E+00	0.00000E+00	-2.37520E-05
3.20000E+00	2.46400E-05	8.08040E-01	0.00000E+00	0.00000E+00	-2.47240E-05
3.22000E+00	2.56580E-05	8.15040E-01	0.00000E+00	0.00000E+00	-2.57820E-05
3.24000E+00	2.68500E-05	8.21000E-01	0.00000E+00	0.00000E+00	-2.67600E-05
3.26000E+00	2.77400E-05	8.27240E-01	0.00000E+00	0.00000E+00	-2.77580E-05
3.28000E+00	2.88560E-05	8.33920E-01	0.00000E+00	0.00000E+00	-2.89240E-05
3.30000E+00	2.99460E-05	8.40280E-01	0.00000E+00	0.00000E+00	-2.99200E-05
3.32000E+00	3.10460E-05	8.47640E-01	0.00000E+00	0.00000E+00	-3.10660E-05
3.34000E+00	3.23940E-05	8.54640E-01	0.00000E+00	0.00000E+00	-3.24680E-05
3.36000E+00	3.36920E-05	8.60920E-01	0.00000E+00	0.00000E+00	-3.37420E-05
3.38000E+00	3.49860E-05	8.67920E-01	0.00000E+00	0.00000E+00	-3.49340E-05
3.40000E+00	3.64340E-05	8.74760E-01	0.00000E+00	0.00000E+00	-3.63260E-05
3.42000E+00	3.77600E-05	8.81720E-01	0.00000E+00	0.00000E+00	-3.78160E-05
3.44000E+00	3.93020E-05	8.88600E-01	0.00000E+00	0.00000E+00	-3.92880E-05
3.46000E+00	4.08020E-05	8.95160E-01	0.00000E+00	0.00000E+00	-4.06780E-05
3.48000E+00	4.22820E-05	9.03080E-01	0.00000E+00	0.00000E+00	-4.23440E-05
3.50000E+00	4.38820E-05	9.10040E-01	0.00000E+00	0.00000E+00	-4.38420E-05
3.52000E+00	4.56680E-05	9.16720E-01	0.00000E+00	0.00000E+00	-4.56460E-05
3.54000E+00	4.73960E-05	9.24360E-01	0.00000E+00	0.00000E+00	-4.73760E-05
3.56000E+00	4.91740E-05	9.31720E-01	0.00000E+00	0.00000E+00	-4.91820E-05
3.58000E+00	5.12100E-05	9.39240E-01	0.00000E+00	0.00000E+00	-5.13040E-05
3.60000E+00	5.31380E-05	9.46360E-01	0.00000E+00	0.00000E+00	-5.31160E-05
3.62000E+00	5.48700E-05	9.53560E-01	0.00000E+00	0.00000E+00	-5.47500E-05
3.64000E+00	5.69000E-05	9.61880E-01	0.00000E+00	0.00000E+00	-5.68240E-05
3.66000E+00	5.89260E-05	9.68960E-01	0.00000E+00	0.00000E+00	-5.89340E-05
3.68000E+00	6.14720E-05	9.76920E-01	0.00000E+00	0.00000E+00	-6.11040E-05
3.70000E+00	6.37220E-05	9.84480E-01	0.00000E+00	0.00000E+00	-6.36620E-05
3.72000E+00	6.56640E-05	9.92400E-01	0.00000E+00	0.00000E+00	-6.54560E-05
3.74000E+00	6.83940E-05	1.00020E+00	0.00000E+00	0.00000E+00	-6.82320E-05
3.76000E+00	7.04820E-05	1.00800E+00	0.00000E+00	0.00000E+00	-7.06360E-05
3.78000E+00	7.35240E-05	1.01716E+00	0.00000E+00	0.00000E+00	-7.33760E-05
3.80000E+00	7.56820E-05	1.02460E+00	0.00000E+00	0.00000E+00	-7.56220E-05
3.82000E+00	7.86240E-05	1.03192E+00	0.00000E+00	0.00000E+00	-7.84340E-05
3.84000E+00	8.10460E-05	1.04000E+00	0.00000E+00	0.00000E+00	-8.11460E-05
3.86000E+00	8.42760E-05	1.04800E+00	0.00000E+00	0.00000E+00	-8.36840E-05
3.88000E+00	8.75060E-05	1.05676E+00	0.00000E+00	0.00000E+00	-8.67200E-05
3.90000E+00	9.03340E-05	1.06484E+00	0.00000E+00	0.00000E+00	-8.97920E-05
3.92000E+00	9.30760E-05	1.07308E+00	0.00000E+00	0.00000E+00	-9.28180E-05
3.94000E+00	9.78720E-05	1.08184E+00	0.00000E+00	0.00000E+00	-9.62780E-05
3.96000E+00	9.92880E-05	1.08996E+00	0.00000E+00	0.00000E+00	-9.93800E-05
3.98000E+00	1.02666E-04	1.09900E+00	0.00000E+00	0.00000E+00	-1.02518E-04
4.00000E+00	1.05946E-04	1.10816E+00	0.00000E+00	0.00000E+00	-1.06188E-04
0.00000E+00	-2.50080E-05	1.70080E-01	2.50000E-05	0.00000E+00	2.06650E-09
2.00000E-02	-2.49800E-05	1.90200E-01	2.50000E-05	0.00000E+00	-2.81840E-09
4.00000E-02	-2.50000E-05	2.12600E-01	2.50000E-05	0.00000E+00	-8.56800E-10
6.00000E-02	-2.50040E-05	2.32440E-01	2.50000E-05	0.00000E+00	1.64840E-09
8.00000E-02	-2.49900E-05	2.51000E-01	2.50000E-05	0.00000E+00	-2.27500E-09
1.00000E-01	-2.49980E-05	2.70840E-01	2.50000E-05	0.00000E+00	-4.05220E-09
1.20000E-01	-2.50140E-05	2.92440E-01	2.50000E-05	0.00000E+00	-1.85350E-09
1.40000E-01	-2.49880E-05	3.11000E-01	2.50000E-05	0.00000E+00	-3.09570E-09
1.60000E-01	-2.49720E-05	3.29280E-01	2.50000E-05	0.00000E+00	-1.01257E-08
1.80000E-01	-2.49820E-05	3.53040E-01	2.50000E-05	0.00000E+00	-1.43358E-08
2.00000E-01	-2.49700E-05	3.70480E-01	2.50000E-05	0.00000E+00	-3.09880E-08
2.20000E-01	-2.49540E-05	3.90920E-01	2.50000E-05	0.00000E+00	-5.64612E-08
2.40000E-01	-2.49040E-05	4.10200E-01	2.50000E-05	0.00000E+00	-9.81996E-08
2.60000E-01	-2.48200E-05	4.32400E-01	2.50000E-05	0.00000E+00	-1.81020E-07
2.80000E-01	-2.46660E-05	4.49880E-01	2.50000E-05	0.00000E+00	-3.35720E-07
3.00000E-01	-2.44480E-05	4.70760E-01	2.50000E-05	0.00000E+00	-5.60400E-07
3.20000E-01	-2.40680E-05	4.89680E-01	2.50000E-05	0.00000E+00	-8.74220E-07
3.40000E-01	-2.36200E-05	5.10400E-01	2.50000E-05	0.00000E+00	-1.29990E-06
3.60000E-01	-2.30000E-05	5.31880E-01	2.50000E-05	0.00000E+00	-1.97930E-06
3.80000E-01	-2.22920E-05	5.51720E-01	2.50000E-05	0.00000E+00	-2.71430E-06
4.00000E-01	-2.14780E-05	5.69920E-01	2.50000E-05	0.00000E+00	-3.49950E-06
4.20000E-01	-2.04900E-05	5.86720E-01	2.50000E-05	0.00000E+00	-4.40200E-06
4.40000E-01	-1.98300E-05	6.08600E-01	2.50000E-05	0.00000E+00	-5.28760E-06
4.60000E-01	-1.84920E-05	6.28600E-01	2.50000E-05	0.00000E+00	-6.49640E-06
4.80000E-01	-1.72000E-05	6.47880E-01	2.50000E-05	0.00000E+00	-7.66050E-06
5.00000E-01	-1.57340E-05	6.64840E-01	2.50000E-05	0.00000E+00	-9.03650E-06
5.20000E-01	-1.42320E-05	6.83120E-01	2.50000E-05	0.00000E+00	-1.08440E-05
5.40000E-01	-1.26460E-05	7.05400E-01	2.50000E-05	0.00000E+00	-1.26420E-05
5.60000E-01	-1.06680E-05	7.22520E-01	2.50000E-05	0.00000E+00	-1.44660E-05
5.80000E-01	-8.60900E-06	7.44880E-01	2.50000E-05	0.00000E+00	-1.64980E-05
6.00000E-01	-6.05270E-06	7.62160E-01	2.50000E-05	0.00000E+00	-1.88620E-05
6.20000E-01	-2.96120E-06	7.84240E-01	2.50000E-05	0.00000E+00	-2.19960E-05
6.40000E-01	-2.55720E-07	8.03000E-01	2.50000E-05	0.00000E+00	-2.46580E-05
6.60000E-01	2.87300E-06	8.21360E-01	2.50000E-05	0.00000E+00	-2.76700E-05
6.80000E-01	6.37420E-06	8.41800E-01	2.50000E-05	0.00000E+00	-3.21120E-05
7.00000E-01	1.00319E-05	8.58160E-01	2.50000E-05	0.00000E+00	-3.49760E-05
7.20000E-01	1.49000E-05	8.76120E-01	2.50000E-05	0.00000E+00	-3.98560E-05
7.40000E-01	1.91420E-05	8.98680E-01	2.50000E-05	0.00000E+00	-4.39520E-05
7.60000E-01	2.38300E-05	9.18200E-01	2.50000E-05	0.00000E+00	-4.88780E-05
7.80000E-01	2.85720E-05	9.35040E-01	2.50000E-05	0.00000E+00	-5.42380E-05
8.00000E-01	3.43780E-05	9.54120E-01	2.50000E-05	0.00000E+00	-5.95260E-05
8.20000E-01	4.05400E-05	9.73800E-01	2.50000E-05	0.00000E+00	-6.63800E-05
8.40000E-01	4.66320E-05	9.91480E-01	2.50000E-05	0.00000E+00	-7.13780E-05
8.60000E-01	5.36620E-05	1.01108E+00	2.50000E-05	0.00000E+00	-7.75020E-05
8.80000E-01	6.11660E-05	1.03020E+00	2.50000E-05	0.00000E+00	-8.56820E-05
9.00000E-01	6.82260E-05	1.04748E+00	2.50000E-05	0.00000E+00	-9.25440E-05
9.20000E-01	7.61360E-05	1.06592E+00	2.50000E-05	0.00000E+00	-1.01598E-04
9.40000E-01	8.49640E-05	1.08496E+00	2.50000E-05	0.00000E+00	-1.09176E-04
9.60000E-01	9.29000E-05	1.10152E+00	2.50000E-05	0.00000E+00	-1.18280E-04
9.80000E-01	1.03096E-04	1.11652E+00	2.50000E-05	0.00000E+00	-1.26720E-04
1.00000E+00	1.11776E-04	1.13656E+00	2.50000E-05	0.00000E+00	-1.37780E-04
1.02000E+00	1.23100E-04	1.15392E+00	2.50000E-05	0.00000E+00	-1.48740E-04
1.04000E+00	1.31860E-04	1.17108E+00	2.50000E-05	0.00000E+00	-1.57840E-04
1.06000E+00	1.42020E-04	1.18776E+00	2.50000E-05	0.00000E+00	-1.66180E-04
1.08000E+00	1.51760E-04	1.19840E+00	2.50000E-05	0.00000E+00	-1.75880E-04
1.10000E+00	1.62380E-04	1.21860E+00	2.50000E-05	0.00000E+00	-1.86620E-04
1.12000E+00	1.74100E-04	1.23132E+00	2.50000E-05	0.00000E+00	-1.97720E-04
1.14000E+00	1.84180E-04	1.24900E+00	2.50000E-05	0.00000E+00	-2.09480E-04
1.16000E+00	1.92920E-04	1.26116E+00	2.50000E-05	0.00000E+00	-2.17960E-04
1.18000E+00	2.05460E-04	1.27740E+00	2.50000E-05	0.00000E+00	-2.32240E-04
1.20000E+00	2.15960E-04	1.29008E+00	2.50000E-05	0.00000E+00	-2.39200E-04
1.22000E+00	2.23620E-04	1.30144E+00	2.50000E-05	0.00000E+00	-2.48580E-04
1.24000E+00	2.28980E-04	1.30752E+00	2.50000E-05	0.00000E+00	-2.53820E-04
1.26000E+00	2.34780E-04	1.31472E+00	2.50000E-05	0.00000E+00	-2.59420E-04
1.28000E+00	2.38840E-04	1.32020E+00	2.50000E-05	0.00000E+00	-2.64160E-04
1.30000E+00	2.42120E-04	1.32352E+00	2.50000E-05	0.00000E+00	-2.67280E-04
1.32000E+00	2.44880E-04	1.32768E+00	2.50000E-05	0.00000E+00	-2.69520E-04
1.34000E+00	2.45780E-04	1.32892E+00	2.50000E-05	0.00000E+00	-2.70900E-04
1.36000E+00	2.46840E-04	1.33048E+00	2.50000E-05	0.00000E+00	-2.71240E-04
1.38000E+00	2.47680E-04	1.33100E+00	2.50000E-05	0.00000E+00	-2.71780E-04
1.40000E+00	2.46700E-04	1.33260E+00	2.50000E-05	0.00000E+00	-2.72040E-04
1.42000E+00	2.47740E-04	1.33336E+00	2.50000E-05	0.00000E+00	-2.72320E-04
1.44000E+00	2.47760E-04	1.33436E+00	2.50000E-05	0.00000E+00	-2.72680E-04
1.46000E+00	2.47720E-04	1.33432E+00	2.50000E-05	0.00000E+00	-2.72000E-04
1.48000E+00	2.47780E-04	1.33592E+00	2.50000E-05	0.00000E+00	-2.72980E-04
1.50000E+00	2.47780E-04	1.33696E+00	2.50000E-05	0.00000E+00	-2.73100E-04
1.52000E+00	2.47840E-04	1.33776E+00	2.50000E-05	0.00000E+00	-2.72680E-04
1.54000E+00	2.48260E-04	1.33916E+00	2.50000E-05	0.00000E+00	-2.73020E-04
1.56000E+00	2.48280E-04	1.33940E+00	2.50000E-05	0.00000E+00	-2.73000E-04
1.58000E+00	2.47740E-04	1.34016E+00	2.50000E-05	0.00000E+00	-2.73120E-04
1.60000E+00	2.47940E-04	1.34124E+00	2.50000E-05	0.00000E+00	-2.72860E-04
1.62000E+00	2.47880E-04	1.34240E+00	2.50000E-05	0.00000E+00	-2.73440E-04
1.64000E+00	2.48040E-04	1.34236E+00	2.50000E-05	0.00000E+00	-2.72820E-04
1.66000E+00	2.48660E-04	1.34388E+00	2.50000E-05	0.00000E+00	-2.73280E-04
1.68000E+00	2.48280E-04	1.34448E+00	2.50000E-05	0.00000E+00	-2.73540E-04
1.70000E+00	2.48420E-04	1.34520E+00	2.50000E-05	0.00000E+00	-2.73340E-04
1.72000E+00	2.48740E-04	1.34664E+00	2.50000E-05	0.00000E+00	-2.73860E-04
1.74000E+00	2.48840E-04	1.34728E+00	2.50000E-05	0.00000E+00	-2.73560E-04
1.76000E+00	2.49720E-04	1.34792E+00	2.50000E-05	0.00000E+00	-2.73900E-04
1.78000E+00	2.49140E-04	1.34880E+00	2.50000E-05	0.00000E+00	-2.73820E-04
1.80000E+00	2.49020E-04	1.34940E+00	2.50000E-05	0.00000E+00	-2.74260E-04
1.82000E+00	2.49000E-04	1.35044E+00	2.50000E-05	0.00000E+00	-2.73740E-04
1.84000E+00	2.49380E-04	1.35120E+00	2.50000E-05	0.00000E+00	-2.73780E-04
1.86000E+00	2.49580E-04	1.35232E+00	2.50000E-05	0.00000E+00	-2.74440E-04
1.88000E+00	2.49120E-04	1.35332E+00	2.50000E-05	0.00000E+00	-2.74680E-04
1.90000E+00	2.49080E-04	1.35488E+00	2.50000E-05	0.00000E+00	-2.74080E-04
1.92000E+00	2.49440E-04	1.35540E+00	2.50000E-05	0.00000E+00	-2.74540E-04
1.94000E+00	2.49460E-04	1.35676E+00	2.50000E-05	0.00000E+00	-2.75080E-04
1.96000E+00	2.49680E-04	1.35772E+00	2.50000E-05	0.00000E+00	-2.75080E-04
1.98000E+00	2.50180E-04	1.35924E+00	2.50000E-05	0.00000E+00	-2.75280E-04
2.00000E+00	2.50300E-04	1.35988E+00	2.50000E-05	0.00000E+00	-2.75420E-04
2.02000E+00	2.49740E-04	1.36152E+00	2.50000E-05	0.00000E+00	-2.75540E-04
2.04000E+00	2.50280E-04	1.36184E+00	2.50000E-05	0.00000E+00	-2.75840E-04
2.06000E+00	2.50220E-04	1.36328E+00	2.50000E-05	0.00000E+00	-2.75100E-04
2.08000E+00	2.50240E-04	1.36392E+00	2.50000E-05	0.00000E+00	-2.75360E-04
2.10000E+00	2.50500E-04	1.36552E+00	2.50000E-05	0.00000E+00	-2.75400E-04
2.12000E+00	2.50980E-04	1.36660E+00	2.50000E-05	0.00000E+00	-2.75880E-04
2.14000E+00	2.51060E-04	1.36712E+00	2.50000E-05	0.00000E+00	-2.75840E-04
2.16000E+00	2.50960E-04	1.36828E+00	2.50000E-05	0.00000E+00	-2.75800E-04
2.18000E+00	2.50920E-04	1.36916E+00	2.50000E-05	0.00000E+00	-2.75940E-04
2.20000E+00	2.51860E-04	1.37072E+00	2.50000E-05	0.00000E+00	-2.76020E-04
2.22000E+00	2.51260E-04	1.37092E+00	2.50000E-05	0.00000E+00	-2.76300E-04
2.24000E+00	2.51400E-04	1.37288E+00	2.50000E-05	0.00000E+00	-2.76600E-04
2.26000E+00	2.51540E-04	1.37452E+00	2.50000E-05	0.00000E+00	-2.76500E-04
2.28000E+00	2.51880E-04	1.37512E+00	2.50000E-05	0.00000E+00	-2.76800E-04
2.30000E+00	2.52160E-04	1.37636E+00	2.50000E-05	0.00000E+00	-2.77160E-04
2.32000E+00	2.52120E-04	1.37756E+00	2.50000E-05	0.00000E+00	-2.77220E-04
2.34000E+00	2.52580E-04	1.37864E+00	2.50000E-05	0.00000E+00	-2.77760E-04
2.36000E+00	2.52560E-04	1.38020E+00	2.50000E-05	0.00000E+00	-2.77600E-04
2.38000E+00	2.52860E-04	1.38156E+00	2.50000E-05	0.00000E+00	-2.77880E-04
2.40000E+00	2.53020E-04	1.38284E+00	2.50000E-05	0.00000E+00	-2.78180E-04
2.42000E+00	2.53380E-04	1.38404E+00	2.50000E-05	0.00000E+00	-2.78540E-04
2.44000E+00	2.53740E-04	1.38544E+00	2.50000E-05	0.00000E+00	-2.78540E-04
2.46000E+00	2.54040E-04	1.38652E+00	2.50000E-05	0.00000E+00	-2.78920E-04
2.48000E+00	2.54020E-04	1.38752E+00	2.50000E-05	0.00000E+00	-2.78880E-04
2.50000E+00	2.54320E-04	1.38880E+00	2.50000E-05	0.00000E+00	-2.79460E-04
2.52000E+00	2.54720E-04	1.39044E+00	2.50000E-05	0.00000E+00	-2.80060E-04
2.54000E+00	2.54920E-04	1.39152E+00	2.50000E-05	0.00000E+00	-2.79600E-04
2.56000E+00	2.55480E-04	1.39296E+00	2.50000E-05	0.00000E+00	-2.80280E-04
2.58000E+00	2.55760E-04	1.39456E+00	2.50000E-05	0.00000E+00	-2.80260E-04
2.60000E+00	2.55540E-04	1.39664E+00	2.50000E-05	0.00000E+00	-2.80840E-04
2.62000E+00	2.56280E-04	1.39812E+00	2.50000E-05	0.00000E+00	-2.81000E-04
2.64000E+00	2.56880E-04	1.39944E+00	2.50000E-05	0.00000E+00	-2.81420E-04
2.66000E+00	2.56860E-04	1.40084E+00	2.50000E-05	0.00000E+00	-2.81940E-04
2.68000E+00	2.57460E-04	1.40248E+00	2.50000E-05	0.00000E+00	-2.82420E-04
2.70000E+00	2.57800E-04	1.40372E+00	2.50000E-05	0.00000E+00	-2.82740E-04
2.72000E+00	2.58060E-04	1.40516E+00	2.50000E-05	0.00000E+00	-2.82660E-04
2.74000E+00	2.58140E-04	1.40640E+00	2.50000E-05	0.00000E+00	-2.83180E-04
2.76000E+00	2.58500E-04	1.40796E+00	2.50000E-05	0.00000E+00	-2.83420E-04
2.78000E+00	2.59040E-04	1.40944E+00	2.50000E-05	0.00000E+00	-2.83980E-04
2.80000E+00	2.59440E-04	1.41180E+00	2.50000E-05	0.00000E+00	-2.84480E-04
2.82000E+00	2.59760E-04	1.41280E+00	2.50000E-05	0.00000E+00	-2.84780E-04
2.84000E+00	2.60080E-04	1.41500E+00	2.50000E-05	0.00000E+00	-2.85800E-04
2.86000E+00	2.60980E-04	1.41648E+00	2.50000E-05	0.00000E+00	-2.85860E-04
2.88000E+00	2.61320E-04	1.41816E+00	2.50000E-05	0.00000E+00	-2.85980E-04
2.90000E+00	2.61760E-04	1.42020E+00	2.50000E-05	0.00000E+00	-2.86720E-04
2.92000E+00	2.62100E-04	1.42176E+00	2.50000E-05	0.00000E+00	-2.87160E-04
2.94000E+00	2.63080E-04	1.42340E+00	2.50000E-05	0.00000E+00	-2.87880E-04
2.96000E+00	2.63440E-04	1.42512E+00	2.50000E-05	0.00000E+00	-2.88540E-04
2.98000E+00	2.63760E-04	1.42704E+00	2.50000E-05	0.00000E+00	-2.88920E-04
3.00000E+00	2.65140E-04	1.42912E+00	2.50000E-05	0.00000E+00	-2.89600E-04
3.02000E+00	2.65300E-04	1.43120E+00	2.50000E-05	0.00000E+00	-2.90640E-04
3.04000E+00	2.65880E-04	1.43356E+00	2.50000E-05	0.00000E+00	-2.91060E-04
3.06000E+00	2.66480E-04	1.43524E+00	2.50000E-05	0.00000E+00	-2.91580E-04
3.08000E+00	2.66920E-04	1.43752E+00	2.50000E-05	0.00000E+00	-2.92100E-04
3.10000E+00	2.67960E-04	1.44012E+00	2.50000E-05	0.00000E+00	-2.92960E-04
3.12000E+00	2.68600E-04	1.44156E+00	2.50000E-05	0.00000E+00	-2.93740E-04
3.14000E+00	2.69560E-04	1.44392E+00	2.50000E-05	0.00000E+00	-2.94480E-04
3.16000E+00	2.70160E-04	1.44604E+00	2.50000E-05	0.00000E+00	-2.95120E-04
3.18000E+00	2.71080E-04	1.44772E+00	2.50000E-05	0.00000E+00	-2.96220E-04
3.20000E+00	2.71980E-04	1.45064E+00	2.50000E-05	0.00000E+00	-2.97160E-04
3.22000E+00	2.72880E-04	1.45360E+00	2.50000E-05	0.00000E+00	-2.97700E-04
3.24000E+00	2.73740E-04	1.45624E+00	2.50000E-05	0.00000E+00	-2.98460E-04
3.26000E+00	2.74960E-04	1.45896E+00	2.50000E-05	0.00000E+00	-3.00120E-04
3.28000E+00	2.75800E-04	1.46048E+00	2.50000E-05	0.00000E+00	-3.00620E-04
3.30000E+00	2.76920E-04	1.46380E+00	2.50000E-05	0.00000E+00	-3.01700E-04
3.32000E+00	2.77920E-04	1.46596E+00	2.50000E-05	0.00000E+00	-3.02960E-04
3.34000E+00	2.79040E-04	1.46888E+00	2.50000E-05	0.00000E+00	-3.03900E-04
3.36000E+00	2.79960E-04	1.47104E+00	2.50000E-05	0.00000E+00	-3.05220E-04
3.38000E+00	2.81440E-04	1.47420E+00	2.50000E-05	0.00000E+00	-3.06340E-04
3.40000E+00	2.82460E-04	1.47580E+00	2.50000E-05	0.00000E+00	-3.07820E-04
3.42000E+00	2.83940E-04	1.47944E+00	2.50000E-05	0.00000E+00	-3.08800E-04
3.44000E+00	2.85380E-04	1.48248E+00	2.50000E-05	0.00000E+00	-3.10200E-04
3.46000E+00	2.87020E-04	1.48496E+00	2.50000E-05	0.00000E+00	-3.11960E-04
3.48000E+00	2.88420E-04	1.48796E+00	2.50000E-05	0.00000E+00	-3.12860E-04
3.50000E+00	2.89840E-04	1.49124E+00	2.50000E-05	0.00000E+00	-3.14720E-04
3.52000E+00	2.91620E-04	1.49440E+00	2.50000E-05	0.00000E+00	-3.16820E-04
3.54000E+00	2.93080E-04	1.49740E+00	2.50000E-05	0.00000E+00	-3.17980E-04
3.56000E+00	2.94740E-04	1.50032E+00	2.50000E-05	0.00000E+00	-3.19680E-04
3.58000E+00	2.96560E-04	1.50364E+00	2.50000E-05	0.00000E+00	-3.21720E-04
3.60000E+00	2.98340E-04	1.50664E+00	2.50000E-05	0.00000E+00	-3.23540E-04
3.62000E+00	3.00360E-04	1.51056E+00	2.50000E-05	0.00000E+00	-3.25260E-04
3.64000E+00	3.02100E-04	1.51380E+00	2.50000E-05	0.00000E+00	-3.27340E-04
3.66000E+00	3.04180E-04	1.51740E+00	2.50000E-05	0.00000E+00	-3.29260E-04
3.68000E+00	3.06740E-04	1.52104E+00	2.50000E-05	0.00000E+00	-3.31200E-04
3.70000E+00	3.08520E-04	1.52504E+00	2.50000E-05	0.00000E+00	-3.33380E-04
3.72000E+00	3.11220E-04	1.52836E+00	2.50000E-05	0.00000E+00	-3.36100E-04
3.74000E+00	3.13000E-04	1.53308E+00	2.50000E-05	0.00000E+00	-3.37980E-04
3.76000E+00	3.15280E-04	1.53704E+00	2.50000E-05	0.00000E+00	-3.40520E-04
3.78000E+00	3.17600E-04	1.54132E+00	2.50000E-05	0.00000E+00	-3.43280E-04
3.80000E+00	3.20480E-04	1.54520E+00	2.50000E-05	0.00000E+00	-3.45400E-04
3.82000E+00	3.23160E-04	1.54904E+00	2.50000E-05	0.00000E+00	-3.48320E-04
3.84000E+00	3.26020E-04	1.55308E+00	2.50000E-05	0.00000E+00	-3.51200E-04
3.86000E+00	3.29000E-04	1.55760E+00	2.50000E-05	0.00000E+00	-3.54240E-04
3.88000E+00	3.31820E-04	1.56180E+00	2.50000E-05	0.00000E+00	-3.56320E-04
3.90000E+00	3.34420E-04	1.56676E+00	2.50000E-05	0.00000E+00	-3.59440E-04
3.92000E+00	3.38040E-04	1.57160E+00	2.50000E-05	0.00000E+00	-3.62860E-04
3.94000E+00	3.40680E-04	1.57628E+00	2.50000E-05	0.00000E+00	-3.65400E-04
3.96000E+00	3.44100E-04	1.58088E+00	2.50000E-05	0.00000E+00	-3.69180E-04
3.98000E+00	3.47300E-04	1.58592E+00	2.50000E-05	0.00000E+00	-3.72140E-04
4.00000E+00	3.50900E-04	1.59088E+00	2.50000E-05	0.00000E+00	-3.75560E-04
0.00000E+00	-4.99940E-05	1.98600E-01	5.00000E-05	0.00000E+00	-2.96060E-09
2.00000E-02	-4.99980E-05	2.16600E-01	5.00000E-05	0.00000E+00	1.83620E-09
4.00000E-02	-4.99980E-05	2.38640E-01	5.00000E-05	0.00000E+00	-2.86860E-09
6.00000E-02	-4.99660E-05	2.58440E-01	5.00000E-05	0.00000E+00	-2.75890E-09
8.00000E-02	-4.99920E-05	2.80960E-01	5.00000E-05	0.00000E+00	-3.14140E-09
1.00000E-01	-4.99980E-05	2.98240E-01	5.00000E-05	0.00000E+00	-5.53770E-09
1.20000E-01	-4.99740E-05	3.19560E-01	5.00000E-05	0.00000E+00	-5.00500E-09
1.40000E-01	-5.00040E-05	3.37800E-01	5.00000E-05	0.00000E+00	-1.18964E-08
1.60000E-01	-4.99740E-05	3.58440E-01	5.00000E-05	0.00000E+00	-1.50680E-08
1.80000E-01	-4.99660E-05	3.77400E-01	5.00000E-05	0.00000E+00	-3.26358E-08
2.00000E-01	-4.99340E-05	3.98120E-01	5.00000E-05	0.00000E+00	-5.68720E-08
2.20000E-01	-4.98980E-05	4.17240E-01	5.00000E-05	0.00000E+00	-1.03237E-07
2.40000E-01	-4.98000E-05	4.37960E-01	5.00000E-05	0.00000E+00	-1.91900E-07
2.60000E-01	-4.96580E-05	4.54480E-01	5.00000E-05	0.00000E+00	-3.39140E-07
2.80000E-01	-4.94120E-05	4.75280E-01	5.00000E-05	0.00000E+00	-6.03660E-07
3.00000E-01	-4.90480E-05	4.96680E-01	5.00000E-05	0.00000E+00	-1.00158E-06
3.20000E-01	-4.84900E-05	5.17760E-01	5.00000E-05	0.00000E+00	-1.48370E-06
3.40000E-01	-4.78260E-05	5.37880E-01	5.00000E-05	0.00000E+00	-2.26460E-06
3.60000E-01	-4.70420E-05	5.57600E-01	5.00000E-05	0.00000E+00	-2.94350E-06
3.80000E-01	-4.61580E-05	5.77240E-01	5.00000E-05	0.00000E+00	-3.89960E-06
4.00000E-01	-4.51520E-05	5.96800E-01	5.00000E-05	0.00000E+00	-4.83480E-06
4.20000E-01	-4.40380E-05	6.15640E-01	5.00000E-05	0.00000E+00	-5.93480E-06
4.40000E-01	-4.27400E-05	6.36840E-01	5.00000E-05	0.00000E+00	-7.18620E-06
4.60000E-01	-4.14280E-05	6.57120E-01	5.00000E-05	0.00000E+00	-8.63570E-06
4.80000E-01	-3.97900E-05	6.76680E-01	5.00000E-05	0.00000E+00	-1.02677E-05
5.00000E-01	-3.81240E-05	6.96640E-01	5.00000E-05	0.00000E+00	-1.20160E-05
5.20000E-01	-3.60480E-05	7.15680E-01	5.00000E-05	0.00000E+00	-1.39040E-05
5.40000E-01	-3.39520E-05	7.35960E-01	5.00000E-05	0.00000E+00	-1.63840E-05
5.60000E-01	-3.15020E-05	7.54800E-01	5.00000E-05	0.00000E+00	-1.84340E-05
5.80000E-01	-2.88340E-05	7.75400E-01	5.00000E-05	0.00000E+00	-2.11700E-05
6.00000E-01	-2.59100E-05	7.94920E-01	5.00000E-05	0.00000E+00	-2.41280E-05
6.20000E-01	-2.27360E-05	8.13880E-01	5.00000E-05	0.00000E+00	-2.72060E-05
6.40000E-01	-1.92180E-05	8.34800E-01	5.00000E-05	0.00000E+00	-3.07360E-05
6.60000E-01	-1.53860E-05	8.53000E-01	5.00000E-05	0.00000E+00	-3.48060E-05
6.80000E-01	-1.12940E-05	8.74400E-01	5.00000E-05	0.00000E+00	-3.87140E-05
7.00000E-01	-6.72380E-06	8.92080E-01	5.00000E-05	0.00000E+00	-4.34040E-05
7.20000E-01	-1.81720E-06	9.12040E-01	5.00000E-05	0.00000E+00	-4.84260E-05
7.40000E-01	3.39910E-06	9.28000E-01	5.00000E-05	0.00000E+00	-5.34820E-05
7.60000E-01	9.12390E-06	9.49680E-01	5.00000E-05	0.00000E+00	-5.91040E-05
7.80000E-01	1.51800E-05	9.69360E-01	5.00000E-05	0.00000E+00	-6.51500E-05
8.00000E-01	2.14440E-05	9.84200E-01	5.00000E-05	0.00000E+00	-7.13680E-05
8.20000E-01	2.83740E-05	1.00964E+00	5.00000E-05	0.00000E+00	-7.90840E-05
8.40000E-01	3.64440E-05	1.02812E+00	5.00000E-05	0.00000E+00	-8.65200E-05
8.60000E-01	4.44700E-05	1.04604E+00	5.00000E-05	0.00000E+00	-9.40720E-05
8.80000E-01	5.25220E-05	1.06788E+00	5.00000E-05	0.00000E+00	-1.02494E-04
9.00000E-01	6.09540E-05	1.08668E+00	5.00000E-05	0.00000E+00	-1.11424E-04
9.20000E-01	7.02440E-05	1.10584E+00	5.00000E-05	0.00000E+00	-1.20020E-04
9.40000E-01	7.91280E-05	1.12468E+00	5.00000E-05	0.00000E+00	-1.30520E-04
9.60000E-01	9.14260E-05	1.14740E+00	5.00000E-05	0.00000E+00	-1.41560E-04
9.80000E-01	1.02474E-04	1.16400E+00	5.00000E-05	0.00000E+00	-1.50060E-04
1.00000E+00	1.13016E-04	1.18416E+00	5.00000E-05	0.00000E+00	-1.62720E-04
1.02000E+00	1.24700E-04	1.20348E+00	5.00000E-05	0.00000E+00	-1.72900E-04
1.04000E+00	1.33580E-04	1.21712E+00	5.00000E-05	0.00000E+00	-1.85340E-04
1.06000E+00	1.45700E-04	1.23120E+00	5.00000E-05	0.00000E+00	-1.95580E-04
1.08000E+00	1.58380E-04	1.25368E+00	5.00000E-05	0.00000E+00	-2.08800E-04
1.10000E+00	1.72360E-04	1.27244E+00	5.00000E-05	0.00000E+00	-2.22200E-04
1.12000E+00	1.86960E-04	1.29204E+00	5.00000E-05	0.00000E+00	-2.35760E-04
1.14000E+00	2.01140E-04	1.31004E+00	5.00000E-05	0.00000E+00	-2.51700E-04
1.16000E+00	2.15580E-04	1.32748E+00	5.00000E-05	0.00000E+00	-2.65960E-04
1.18000E+00	2.30740E-04	1.34360E+00	5.00000E-05	0.00000E+00	-2.80900E-04
1.20000E+00	2.46900E-04	1.36312E+00	5.00000E-05	0.00000E+00	-2.95020E-04
1.22000E+00	2.62900E-04	1.38176E+00	5.00000E-05	0.00000E+00	-3.12580E-04
1.24000E+00	2.80440E-04	1.39964E+00	5.00000E-05	0.00000E+00	-3.28000E-04
1.26000E+00	2.97580E-04	1.41288E+00	5.00000E-05	0.00000E+00	-3.46680E-04
1.28000E+00	3.14340E-04	1.43488E+00	5.00000E-05	0.00000E+00	-3.61560E-04
1.30000E+00	3.34100E-04	1.44976E+00	5.00000E-05	0.00000E+00	-3.81600E-04
1.32000E+00	3.51600E-04	1.46532E+00	5.00000E-05	0.00000E+00	-4.02080E-04
1.34000E+00	3.72360E-04	1.48572E+00	5.00000E-05	0.00000E+00	-4.22460E-04
1.36000E+00	3.88380E-04	1.50020E+00	5.00000E-05	0.00000E+00	-4.41860E-04
1.38000E+00	4.10320E-04	1.51992E+00	5.00000E-05	0.00000E+00	-4.60700E-04
1.40000E+00	4.30680E-04	1.53760E+00	5.00000E-05	0.00000E+00	-4.78460E-04
1.42000E+00	4.52100E-04	1.55492E+00	5.00000E-05	0.00000E+00	-5.02840E-04
1.44000E+00	4.72200E-04	1.57008E+00	5.00000E-05	0.00000E+00	-5.22080E-04
1.46000E+00	4.92040E-04	1.58368E+00	5.00000E-05	0.00000E+00	-5.41620E-04
1.48000E+00	5.13840E-04	1.60272E+00	5.00000E-05	0.00000E+00	-5.60420E-04
1.50000E+00	5.33820E-04	1.61808E+00	5.00000E-05	0.00000E+00	-5.84740E-04
1.52000E+00	5.54300E-04	1.63356E+00	5.00000E-05	0.00000E+00	-6.06860E-04
1.54000E+00	5.75020E-04	1.64716E+00	5.00000E-05	0.00000E+00	-6.26560E-04
1.56000E+00	5.90940E-04	1.66096E+00	5.00000E-05	0.00000E+00	-6.43420E-04
1.58000E+00	6.13120E-04	1.67456E+00	5.00000E-05	0.00000E+00	-6.58100E-04
1.60000E+00	6.29780E-04	1.68500E+00	5.00000E-05	0.00000E+00	-6.80240E-04
1.62000E+00	6.41780E-04	1.69604E+00	5.00000E-05	0.00000E+00	-6.94200E-04
1.64000E+00	6.61420E-04	1.70740E+00	5.00000E-05	0.00000E+00	-7.07820E-04
1.66000E+00	6.74440E-04	1.71664E+00	5.00000E-05	0.00000E+00	-7.23500E-04
1.68000E+00	6.83000E-04	1.72408E+00	5.00000E-05	0.00000E+00	-7.33240E-04
1.70000E+00	6.88920E-04	1.72896E+00	5.00000E-05	0.00000E+00	-7.39980E-04
1.72000E+00	6.94980E-04	1.73376E+00	5.00000E-05	0.00000E+00	-7.45260E-04
1.74000E+00	6.97020E-04	1.73708E+00	5.00000E-05	0.00000E+00	-7.48000E-04
1.76000E+00	6.99940E-04	1.73960E+00	5.00000E-05	0.00000E+00	-7.49340E-04
1.78000E+00	7.01360E-04	1.74204E+00	5.00000E-05	0.00000E+00	-7.50880E-04
1.80000E+00	7.02140E-04	1.74440E+00	5.00000E-05	0.00000E+00	-7.52360E-04
1.82000E+00	7.02240E-04	1.74576E+00	5.00000E-05	0.00000E+00	-7.52200E-04
1.84000E+00	7.02860E-04	1.74708E+00	5.00000E-05	0.00000E+00	-7.52260E-04
1.86000E+00	7.02780E-04	1.74896E+00	5.00000E-05	0.00000E+00	-7.52700E-04
1.88000E+00	7.02840E-04	1.75072E+00	5.00000E-05	0.00000E+00	-7.53140E-04
1.90000E+00	7.03380E-04	1.75232E+00	5.00000E-05	0.00000E+00	-7.52780E-04
1.92000E+00	7.03340E-04	1.75452E+00	5.00000E-05	0.00000E+00	-7.53080E-04
1.94000E+00	7.03840E-04	1.75572E+00	5.00000E-05	0.00000E+00	-7.53620E-04
1.96000E+00	7.03680E-04	1.75872E+00	5.00000E-05	0.00000E+00	-7.53980E-04
1.98000E+00	7.03960E-04	1.76044E+00	5.00000E-05	0.00000E+00	-7.54900E-04
2.00000E+00	7.04560E-04	1.76168E+00	5.00000E-05	0.00000E+00	-7.54180E-04
2.02000E+00	7.04680E-04	1.76408E+00	5.00000E-05	0.00000E+00	-7.54540E-04
2.04000E+00	7.04720E-04	1.76496E+00	5.00000E-05	0.00000E+00	-7.54620E-04
2.06000E+00	7.04500E-04	1.76764E+00	5.00000E-05	0.00000E+00	-7.54580E-04
2.08000E+00	7.04560E-04	1.76904E+00	5.00000E-05	0.00000E+00	-7.54080E-04
2.10000E+00	7.04660E-04	1.77084E+00	5.00000E-05	0.00000E+00	-7.55020E-04
2.12000E+00	7.05960E-04	1.77268E+00	5.00000E-05	0.00000E+00	-7.55260E-04
2.14000E+00	7.05660E-04	1.77448E+00	5.00000E-05	0.00000E+00	-7.55480E-04
2.16000E+00	7.05920E-04	1.77664E+00	5.00000E-05	0.00000E+00	-7.55620E-04
2.18000E+00	7.05560E-04	1.77888E+00	5.00000E-05	0.00000E+00	-7.55720E-04
2.20000E+00	7.05780E-04	1.78036E+00	5.00000E-05	0.00000E+00	-7.55540E-04
2.22000E+00	7.06500E-04	1.78236E+00	5.00000E-05	0.00000E+00	-7.56000E-04
2.24000E+00	7.06020E-04	1.78372E+00	5.00000E-05	0.00000E+00	-7.56540E-04
2.26000E+00	7.06600E-04	1.78580E+00	5.00000E-05	0.00000E+00	-7.56280E-04
2.28000E+00	7.07760E-04	1.78752E+00	5.00000E-05	0.00000E+00	-7.57000E-04
2.30000E+00	7.07120E-04	1.79020E+00	5.00000E-05	0.00000E+00	-7.57320E-04
2.32000E+00	7.07420E-04	1.79156E+00	5.00000E-05	0.00000E+00	-7.57720E-04
2.34000E+00	7.08000E-04	1.79356E+00	5.00000E-05	0.00000E+00	-7.57880E-04
2.36000E+00	7.07940E-04	1.79572E+00	5.00000E-05	0.00000E+00	-7.58100E-04
2.38000E+00	7.08040E-04	1.79736E+00	5.00000E-05	0.00000E+00	-7.57800E-04
2.40000E+00	7.08660E-04	1.79960E+00	5.00000E-05	0.00000E+00	-7.58100E-04
2.42000E+00	7.08640E-04	1.80160E+00	5.00000E-05	0.00000E+00	-7.58780E-04
2.44000E+00	7.08400E-04	1.80340E+00	5.00000E-05	0.00000E+00	-7.58880E-04
2.46000E+00	7.08980E-04	1.80520E+00	5.00000E-05	0.00000E+00	-7.59360E-04
2.48000E+00	7.09800E-04	1.80752E+00	5.00000E-05	0.00000E+00	-7.59940E-04
2.50000E+00	7.10000E-04	1.80936E+00	5.00000E-05	0.00000E+00	-7.59360E-04
2.52000E+00	7.09620E-04	1.81132E+00	5.00000E-05	0.00000E+00	-7.59500E-04
2.54000E+00	7.10440E-04	1.81364E+00	5.00000E-05	0.00000E+00	-7.64600E-04
2.56000E+00	7.10760E-04	1.81508E+00	5.00000E-05	0.00000E+00	-7.60080E-04
2.58000E+00	7.10980E-04	1.81720E+00	5.00000E-05	0.00000E+00	-7.60640E-04
2.60000E+00	7.11060E-04	1.81976E+00	5.00000E-05	0.00000E+00	-7.61260E-04
2.62000E+00	7.11200E-04	1.82148E+00	5.00000E-05	0.00000E+00	-7.61020E-04
2.64000E+00	7.11540E-04	1.82440E+00	5.00000E-05	0.00000E+00	-7.61380E-04
2.66000E+00	7.12700E-04	1.82588E+00	5.00000E-05	0.00000E+00	-7.62700E-04
2.68000E+00	7.12180E-04	1.82796E+00	5.00000E-05	0.00000E+00	-7.67160E-04
2.70000E+00	7.12320E-04	1.83028E+00	5.00000E-05	0.00000E+00	-7.62240E-04
2.72000E+00	7.12700E-04	1.83228E+00	5.00000E-05	0.00000E+00	-7.62880E-04
2.74000E+00	7.13000E-04	1.83488E+00	5.00000E-05	0.00000E+00	-7.63540E-04
2.76000E+00	7.13940E-04	1.83720E+00	5.00000E-05	0.00000E+00	-7.63360E-04
2.78000E+00	7.14280E-04	1.84008E+00	5.00000E-05	0.00000E+00	-7.63660E-04
2.80000E+00	7.14380E-04	1.84180E+00	5.00000E-05	0.00000E+00	-7.64300E-04
2.82000E+00	7.15800E-04	1.84412E+00	5.00000E-05	0.00000E+00	-7.65480E-04
2.84000E+00	7.15480E-04	1.84660E+00	5.00000E-05	0.00000E+00	-7.65740E-04
2.86000E+00	7.15700E-04	1.84932E+00	5.00000E-05	0.00000E+00	-7.66120E-04
2.88000E+00	7.16020E-04	1.85092E+00	5.00000E-05	0.00000E+00	-7.66160E-04
2.90000E+00	7.16860E-04	1.85352E+00	5.00000E-05	0.00000E+00	-7.66740E-04
2.92000E+00	7.17440E-04	1.85564E+00	5.00000E-05	0.00000E+00	-7.67580E-04
2.94000E+00	7.17540E-04	1.85888E+00	5.00000E-05	0.00000E+00	-7.67040E-04
2.96000E+00	7.18480E-04	1.86048E+00	5.00000E-05	0.00000E+00	-7.67980E-04
2.98000E+00	7.18480E-04	1.86332E+00	5.00000E-05	0.00000E+00	-7.68580E-04
3.00000E+00	7.18520E-04	1.86484E+00	5.00000E-05	0.00000E+00	-7.68480E-04
3.02000E+00	7.18980E-04	1.86728E+00	5.00000E-05	0.00000E+00	-7.69360E-04
3.04000E+00	7.19560E-04	1.87120E+00	5.00000E-05	0.00000E+00	-7.69340E-04
3.06000E+00	7.20200E-04	1.87308E+00	5.00000E-05	0.00000E+00	-7.70340E-04
3.08000E+00	7.20520E-04	1.87512E+00	5.00000E-05	0.00000E+00	-7.70980E-04
3.10000E+00	7.21420E-04	1.87876E+00	5.00000E-05	0.00000E+00	-7.71320E-04
3.12000E+00	7.22100E-04	1.88112E+00	5.00000E-05	0.00000E+00	-7.71680E-04
3.14000E+00	7.22380E-04	1.88356E+00	5.00000E-05	0.00000E+00	-7.72880E-04
3.16000E+00	7.22980E-04	1.88556E+00	5.00000E-05	0.00000E+00	-7.73140E-04
3.18000E+00	7.24260E-04	1.88824E+00	5.00000E-05	0.00000E+00	-7.74060E-04
3.20000E+00	7.25340E-04	1.89104E+00	5.00000E-05	0.00000E+00	-7.75200E-04
3.22000E+00	7.25180E-04	1.89356E+00	5.00000E-05	0.00000E+00	-7.75760E-04
3.24000E+00	7.26400E-04	1.89668E+00	5.00000E-05	0.00000E+00	-7.75880E-04
3.26000E+00	7.26760E-04	1.89972E+00	5.00000E-05	0.00000E+00	-7.76640E-04
3.28000E+00	7.27820E-04	1.90228E+00	5.00000E-05	0.00000E+00	-7.77460E-04
3.30000E+00	7.28480E-04	1.90508E+00	5.00000E-05	0.00000E+00	-7.78120E-04
3.32000E+00	7.29560E-04	1.90788E+00	5.00000E-05	0.00000E+00	-7.79400E-04
3.34000E+00	7.29880E-04	1.91048E+00	5.00000E-05	0.00000E+00	-7.79540E-04
3.36000E+00	7.30760E-04	1.91460E+00	5.00000E-05	0.00000E+00	-7.80800E-04
3.38000E+00	7.31220E-04	1.91692E+00	5.00000E-05	0.00000E+00	-7.81300E-04
3.40000E+00	7.32140E-04	1.91852E+00	5.00000E-05	0.00000E+00	-7.82320E-04
3.42000E+00	7.33340E-04	1.92216E+00	5.00000E-05	0.00000E+00	-7.82720E-04
3.44000E+00	7.33420E-04	1.92516E+00	5.00000E-05	0.00000E+00	-7.83980E-04
3.46000E+00	7.35060E-04	1.92872E+00	5.00000E-05	0.00000E+00	-7.84960E-04
3.48000E+00	7.35520E-04	1.93344E+00	5.00000E-05	0.00000E+00	-7.85880E-04
3.50000E+00	7.37060E-04	1.93604E+00	5.00000E-05	0.00000E+00	-7.86900E-04
3.52000E+00	7.38260E-04	1.93884E+00	5.00000E-05	0.00000E+00	-7.88320E-04
3.54000E+00	7.39620E-04	1.94268E+00	5.00000E-05	0.00000E+00	-7.89360E-04
3.56000E+00	7.40640E-04	1.94528E+00	5.00000E-05	0.00000E+00	-7.90780E-04
3.58000E+00	7.42480E-04	1.94816E+00	5.00000E-05	0.00000E+00	-7.92360E-04
3.60000E+00	7.43120E-04	1.95164E+00	5.00000E-05	0.00000E+00	-7.93800E-04
3.62000E+00	7.44520E-04	1.95596E+00	5.00000E-05	0.00000E+00	-7.94760E-04
3.64000E+00	7.45760E-04	1.95832E+00	5.00000E-05	0.00000E+00	-7.95820E-04
3.66000E+00	7.46620E-04	1.96280E+00	5.00000E-05	0.00000E+00	-7.96820E-04
3.68000E+00	7.49100E-04	1.96512E+00	5.00000E-05	0.00000E+00	-7.98400E-04
3.70000E+00	7.49980E-04	1.96916E+00	5.00000E-05	0.00000E+00	-7.99880E-04
3.72000E+00	7.51440E-04	1.97276E+00	5.00000E-05	0.00000E+00	-8.01440E-04
3.74000E+00	7.53660E-04	1.97732E+00	5.00000E-05	0.00000E+00	-8.03920E-04
3.76000E+00	7.55180E-04	1.98092E+00	5.00000E-05	0.00000E+00	-8.05260E-04
3.78000E+00	7.57440E-04	1.98456E+00	5.00000E-05	0.00000E+00	-8.06880E-04
3.80000E+00	7.58900E-04	1.98792E+00	5.00000E-05	0.00000E+00	-8.08940E-04
3.82000E+00	7.61140E-04	1.99120E+00	5.00000E-05	0.00000E+00	-8.10720E-04
3.84000E+00	7.62380E-04	1.99476E+00	5.00000E-05	0.00000E+00	-8.12500E-04
3.86000E+00	7.65040E-04	1.99836E+00	5.00000E-05	0.00000E+00	-8.14920E-04
3.88000E+00	7.66860E-04	2.00336E+00	5.00000E-05	0.00000E+00	-8.16820E-04
3.90000E+00	7.69620E-04	2.00728E+00	5.00000E-05	0.00000E+00	-8.19220E-04
3.92000E+00	7.71400E-04	2.01108E+00	5.00000E-05	0.00000E+00	-8.22060E-04
3.94000E+00	7.73800E-04	2.01464E+00	5.00000E-05	0.00000E+00	-8.24160E-04
3.96000E+00	7.76720E-04	2.01956E+00	5.00000E-05	0.00000E+00	-8.26300E-04
3.98000E+00	7.78740E-04	2.02444E+00	5.00000E-05	0.00000E+00	-8.28580E-04
4.00000E+00	7.81180E-04	2.02720E+00	5.00000E-05	0.00000E+00	-8.31140E-04
0.00000E+00	-7.49640E-05	2.15440E-01	7.50000E-05	0.00000E+00	1.70850E-09
2.00000E-02	-7.49960E-05	2.36680E-01	7.50000E-05	0.00000E+00	-3.07900E-09
4.00000E-02	-7.50060E-05	2.55800E-01	7.50000E-05	0.00000E+00	-1.74630E-09
6.00000E-02	-7.49900E-05	2.75440E-01	7.50000E-05	0.00000E+00	-2.86820E-09
8.00000E-02	-7.49760E-05	2.95400E-01	7.50000E-05	0.00000E+00	-5.19270E-09
1.00000E-01	-7.50180E-05	3.14560E-01	7.50000E-05	0.00000E+00	-3.81080E-09
1.20000E-01	-7.49860E-05	3.36640E-01	7.50000E-05	0.00000E+00	-5.76250E-09
1.40000E-01	-7.49820E-05	3.53760E-01	7.50000E-05	0.00000E+00	-1.24156E-08
1.60000E-01	-7.49700E-05	3.74000E-01	7.50000E-05	0.00000E+00	-2.43032E-08
1.80000E-01	-7.49420E-05	3.96560E-01	7.50000E-05	0.00000E+00	-4.57662E-08
2.00000E-01	-7.49100E-05	4.13840E-01	7.50000E-05	0.00000E+00	-8.24098E-08
2.20000E-01	-7.48360E-05	4.34520E-01	7.50000E-05	0.00000E+00	-1.53880E-07
2.40000E-01	-7.47040E-05	4.53040E-01	7.50000E-05	0.00000E+00	-2.64320E-07
2.60000E-01	-7.45100E-05	4.75880E-01	7.50000E-05	0.00000E+00	-4.83200E-07
2.80000E-01	-7.41420E-05	4.94880E-01	7.50000E-05	0.00000E+00	-8.32980E-07
3.00000E-01	-7.36760E-05	5.14760E-01	7.50000E-05	0.00000E+00	-1.30460E-06
3.20000E-01	-7.30460E-05	5.36120E-01	7.50000E-05	0.00000E+00	-1.92420E-06
3.40000E-01	-7.23340E-05	5.56120E-01	7.50000E-05	0.00000E+00	-2.69380E-06
3.60000E-01	-7.14400E-05	5.75040E-01	7.50000E-05	0.00000E+00	-3.52790E-06
3.80000E-01	-7.04580E-05	5.94400E-01	7.50000E-05	0.00000E+00	-4.51540E-06
4.00000E-01	-6.93280E-05	6.14520E-01	7.50000E-05	0.00000E+00	-5.59860E-06
4.20000E-01	-6.81260E-05	6.35680E-01	7.50000E-05	0.00000E+00	-6.85430E-06
4.40000E-01	-6.66940E-05	6.54440E-01	7.50000E-05	0.00000E+00	-8.27240E-06
4.60000E-01	-6.51300E-05	6.74760E-01	7.50000E-05	0.00000E+00	-9.78870E-06
4.80000E-01	-6.33480E-05	6.94800E-01	7.50000E-05	0.00000E+00	-1.14527E-05
5.00000E-01	-6.15820E-05	7.13680E-01	7.50000E-05	0.00000E+00	-1.34220E-05
5.20000E-01	-5.92420E-05	7.35080E-01	7.50000E-05	0.00000E+00	-1.56660E-05
5.40000E-01	-5.68920E-05	7.53200E-01	7.50000E-05	0.00000E+00	-1.80200E-05
5.60000E-01	-5.42640E-05	7.72160E-01	7.50000E-05	0.00000E+00	-2.09640E-05
5.80000E-01	-5.13020E-05	7.91800E-01	7.50000E-05	0.00000E+00	-2.35000E-05
6.00000E-01	-4.82860E-05	8.10960E-01	7.50000E-05	0.00000E+00	-2.68800E-05
6.20000E-01	-4.46240E-05	8.31360E-01	7.50000E-05	0.00000E+00	-3.05060E-05
6.40000E-01	-4.07220E-05	8.52760E-01	7.50000E-05	0.00000E+00	-3.41300E-05
6.60000E-01	-3.63000E-05	8.72360E-01	7.50000E-05	0.00000E+00	-3.86660E-05
6.80000E-01	-3.16980E-05	8.92320E-01	7.50000E-05	0.00000E+00	-4.34420E-05
7.00000E-01	-2.57440E-05	9.12760E-01	7.50000E-05	0.00000E+00	-4.89440E-05
7.20000E-01	-2.12620E-05	9.31640E-01	7.50000E-05	0.00000E+00	-5.46420E-05
7.40000E-01	-1.50980E-05	9.48920E-01	7.50000E-05	0.00000E+00	-5.97440E-05
7.60000E-01	-8.87520E-06	9.70480E-01	7.50000E-05	0.00000E+00	-6.61020E-05
7.80000E-01	-2.21630E-06	9.88320E-01	7.50000E-05	0.00000E+00	-7.25440E-05
8.00000E-01	4.44140E-06	1.00796E+00	7.50000E-05	0.00000E+00	-7.95240E-05
8.20000E-01	1.17820E-05	1.02692E+00	7.50000E-05	0.00000E+00	-8.71860E-05
8.40000E-01	1.94480E-05	1.04712E+00	7.50000E-05	0.00000E+00	-9.47140E-05
8.60000E-01	2.79900E-05	1.06480E+00	7.50000E-05	0.00000E+00	-1.02516E-04
8.80000E-01	3.63900E-05	1.08412E+00	7.50000E-05	0.00000E+00	-1.11682E-04
9.00000E-01	4.70860E-05	1.10404E+00	7.50000E-05	0.00000E+00	-1.20340E-04
9.20000E-01	5.59640E-05	1.12276E+00	7.50000E-05	0.00000E+00	-1.31020E-04
9.40000E-01	6.61960E-05	1.14248E+00	7.50000E-05	0.00000E+00	-1.40380E-04
9.60000E-01	7.70860E-05	1.16180E+00	7.50000E-05	0.00000E+00	-1.52220E-04
9.80000E-01	8.83280E-05	1.18172E+00	7.50000E-05	0.00000E+00	-1.62860E-04
1.00000E+00	9.95980E-05	1.19912E+00	7.50000E-05	0.00000E+00	-1.75420E-04
1.02000E+00	1.12876E-04	1.22156E+00	7.50000E-05	0.00000E+00	-1.87460E-04
1.04000E+00	1.25840E-04	1.23988E+00	7.50000E-05	0.00000E+00	-2.00500E-04
1.06000E+00	1.38760E-04	1.25856E+00	7.50000E-05	0.00000E+00	-2.13700E-04
1.08000E+00	1.52840E-04	1.27672E+00	7.50000E-05	0.00000E+00	-2.28100E-04
1.10000E+00	1.68180E-04	1.29312E+00	7.50000E-05	0.00000E+00	-2.42280E-04
1.12000E+00	1.82440E-04	1.31496E+00	7.50000E-05	0.00000E+00	-2.56720E-04
1.14000E+00	1.96640E-04	1.33308E+00	7.50000E-05	0.00000E+00	-2.72080E-04
1.16000E+00	2.12800E-04	1.35304E+00	7.50000E-05	0.00000E+00	-2.87660E-04
1.18000E+00	2.28680E-04	1.37024E+00	7.50000E-05	0.00000E+00	-3.02240E-04
1.20000E+00	2.46080E-04	1.38828E+00	7.50000E-05	0.00000E+00	-3.20780E-04
1.22000E+00	2.63860E-04	1.40712E+00	7.50000E-05	0.00000E+00	-3.37860E-04
1.24000E+00	2.80780E-04	1.42284E+00	7.50000E-05	0.00000E+00	-3.53600E-04
1.26000E+00	2.99040E-04	1.44276E+00	7.50000E-05	0.00000E+00	-3.74380E-04
1.28000E+00	3.16500E-04	1.45812E+00	7.50000E-05	0.00000E+00	-3.93540E-04
1.30000E+00	3.39660E-04	1.48120E+00	7.50000E-05	0.00000E+00	-4.14380E-04
1.32000E+00	3.56340E-04	1.50044E+00	7.50000E-05	0.00000E+00	-4.34020E-04
1.34000E+00	3.78600E-04	1.51712E+00	7.50000E-05	0.00000E+00	-4.52580E-04
1.36000E+00	3.98680E-04	1.53528E+00	7.50000E-05	0.00000E+00	-4.74160E-04
1.38000E+00	4.22000E-04	1.55340E+00	7.50000E-05	0.00000E+00	-4.97460E-04
1.40000E+00	4.41840E-04	1.57332E+00	7.50000E-05	0.00000E+00	-5.20020E-04
1.42000E+00	4.64400E-04	1.58948E+00	7.50000E-05	0.00000E+00	-5.41120E-04
1.44000E+00	4.87900E-04	1.60704E+00	7.50000E-05	0.00000E+00	-5.64180E-04
1.46000E+00	5.14220E-04	1.62712E+00	7.50000E-05	0.00000E+00	-5.81720E-04
1.48000E+00	5.36160E-04	1.64272E+00	7.50000E-05	0.00000E+00	-6.06600E-04
1.50000E+00	5.58520E-04	1.65992E+00	7.50000E-05	0.00000E+00	-6.33460E-04
1.52000E+00	5.84780E-04	1.67824E+00	7.50000E-05	0.00000E+00	-6.62280E-04
1.54000E+00	6.13300E-04	1.69588E+00	7.50000E-05	0.00000E+00	-6.85640E-04
1.56000E+00	6.29560E-04	1.71516E+00	7.50000E-05	0.00000E+00	-7.12660E-04
1.58000E+00	6.66120E-04	1.73240E+00	7.50000E-05	0.00000E+00	-7.42480E-04
1.60000E+00	6.93480E-04	1.74908E+00	7.50000E-05	0.00000E+00	-7.65040E-04
1.62000E+00	7.22580E-04	1.76940E+00	7.50000E-05	0.00000E+00	-8.03620E-04
1.64000E+00	7.42200E-04	1.78116E+00	7.50000E-05	0.00000E+00	-8.17280E-04
1.66000E+00	7.78300E-04	1.79980E+00	7.50000E-05	0.00000E+00	-8.45040E-04
1.68000E+00	8.04880E-04	1.81780E+00	7.50000E-05	0.00000E+00	-8.75980E-04
1.70000E+00	8.34600E-04	1.83368E+00	7.50000E-05	0.00000E+00	-9.07280E-04
1.72000E+00	8.64740E-04	1.85284E+00	7.50000E-05	0.00000E+00	-9.38020E-04
1.74000E+00	8.91600E-04	1.86928E+00	7.50000E-05	0.00000E+00	-9.64960E-04
1.76000E+00	9.27740E-04	1.88500E+00	7.50000E-05	0.00000E+00	-9.93620E-04
1.78000E+00	9.51120E-04	1.90176E+00	7.50000E-05	0.00000E+00	-1.02346E-03
1.80000E+00	9.72900E-04	1.91624E+00	7.50000E-05	0.00000E+00	-1.05626E-03
1.82000E+00	1.00660E-03	1.92984E+00	7.50000E-05	0.00000E+00	-1.08528E-03
1.84000E+00	1.03996E-03	1.94672E+00	7.50000E-05	0.00000E+00	-1.11492E-03
1.86000E+00	1.06656E-03	1.96360E+00	7.50000E-05	0.00000E+00	-1.14336E-03
1.88000E+00	1.09528E-03	1.97768E+00	7.50000E-05	0.00000E+00	-1.16980E-03
1.90000E+00	1.12362E-03	1.99240E+00	7.50000E-05	0.00000E+00	-1.19500E-03
1.92000E+00	1.15020E-03	2.00476E+00	7.50000E-05	0.00000E+00	-1.22400E-03
1.94000E+00	1.17200E-03	2.01900E+00	7.50000E-05	0.00000E+00	-1.24960E-03
1.96000E+00	1.19620E-03	2.03264E+00	7.50000E-05	0.00000E+00	-1.27180E-03
1.98000E+00	1.22020E-03	2.04152E+00	7.50000E-05	0.00000E+00	-1.29400E-03
2.00000E+00	1.23860E-03	2.05300E+00	7.50000E-05	0.00000E+00	-1.31040E-03
2.02000E+00	1.25300E-03	2.06140E+00	7.50000E-05	0.00000E+00	-1.33020E-03
2.04000E+00	1.26920E-03	2.06940E+00	7.50000E-05	0.00000E+00	-1.34360E-03
2.06000E+00	1.27780E-03	2.07672E+00	7.50000E-05	0.00000E+00	-1.35360E-03
2.08000E+00	1.28260E-03	2.08180E+00	7.50000E-05	0.00000E+00	-1.36080E-03
2.10000E+00	1.28980E-03	2.08608E+00	7.50000E-05	0.00000E+00	-1.36540E-03
2.12000E+00	1.29240E-03	2.09016E+00	7.50000E-05	0.00000E+00	-1.36840E-03
2.14000E+00	1.29480E-03	2.09264E+00	7.50000E-05	0.00000E+00	-1.37020E-03
2.16000E+00	1.29600E-03	2.09556E+00	7.50000E-05	0.00000E+00	-1.37120E-03
2.18000E+00	1.29660E-03	2.09800E+00	7.50000E-05	0.00000E+00	-1.37180E-03
2.20000E+00	1.29780E-03	2.10136E+00	7.50000E-05	0.00000E+00	-1.37220E-03
2.22000E+00	1.29740E-03	2.10508E+00	7.50000E-05	0.00000E+00	-1.37300E-03
2.24000E+00	1.29800E-03	2.10712E+00	7.50000E-05	0.00000E+00	-1.37320E-03
2.26000E+00	1.30140E-03	2.11000E+00	7.50000E-05	0.00000E+00	-1.37400E-03
2.28000E+00	1.29900E-03	2.11164E+00	7.50000E-05	0.00000E+00	-1.37460E-03
2.30000E+00	1.29960E-03	2.11428E+00	7.50000E-05	0.00000E+00	-1.37420E-03
2.32000E+00	1.29940E-03	2.11812E+00	7.50000E-05	0.00000E+00	-1.37500E-03
2.34000E+00	1.30040E-03	2.12000E+00	7.50000E-05	0.00000E+00	-1.37520E-03
2.36000E+00	1.30100E-03	2.12196E+00	7.50000E-05	0.00000E+00	-1.37620E-03
2.38000E+00	1.30060E-03	2.12448E+00	7.50000E-05	0.00000E+00	-1.37540E-03
2.40000E+00	1.30120E-03	2.12692E+00	7.50000E-05	0.00000E+00	-1.37700E-03
2.42000E+00	1.30260E-03	2.13008E+00	7.50000E-05	0.00000E+00	-1.37660E-03
2.44000E+00	1.30260E-03	2.13480E+00	7.50000E-05	0.00000E+00	-1.37740E-03
2.46000E+00	1.30240E-03	2.13620E+00	7.50000E-05	0.00000E+00	-1.37720E-03
2.48000E+00	1.30300E-03	2.13892E+00	7.50000E-05	0.00000E+00	-1.37820E-03
2.50000E+00	1.30360E-03	2.14136E+00	7.50000E-05	0.00000E+00	-1.37900E-03
2.52000E+00	1.30420E-03	2.14428E+00	7.50000E-05	0.00000E+00	-1.37940E-03
2.54000E+00	1.30440E-03	2.14736E+00	7.50000E-05	0.00000E+00	-1.37880E-03
2.56000E+00	1.30420E-03	2.15060E+00	7.50000E-05	0.00000E+00	-1.37940E-03
2.58000E+00	1.30500E-03	2.15408E+00	7.50000E-05	0.00000E+00	-1.38220E-03
2.60000E+00	1.30580E-03	2.15704E+00	7.50000E-05	0.00000E+00	-1.38040E-03
2.62000E+00	1.30660E-03	2.15992E+00	7.50000E-05	0.00000E+00	-1.38200E-03
2.64000E+00	1.30600E-03	2.16288E+00	7.50000E-05	0.00000E+00	-1.38160E-03
2.66000E+00	1.30620E-03	2.16508E+00	7.50000E-05	0.00000E+00	-1.38120E-03
2.68000E+00	1.30940E-03	2.16756E+00	7.50000E-05	0.00000E+00	-1.38180E-03
2.70000E+00	1.30680E-03	2.17012E+00	7.50000E-05	0.00000E+00	-1.38200E-03
2.72000E+00	1.30640E-03	2.17384E+00	7.50000E-05	0.00000E+00	-1.38280E-03
2.74000E+00	1.30760E-03	2.17744E+00	7.50000E-05	0.00000E+00	-1.38260E-03
2.76000E+00	1.30860E-03	2.17980E+00	7.50000E-05	0.00000E+00	-1.38280E-03
2.78000E+00	1.30840E-03	2.18228E+00	7.50000E-05	0.00000E+00	-1.38320E-03
2.80000E+00	1.30800E-03	2.18596E+00	7.50000E-05	0.00000E+00	-1.38420E-03
2.82000E+00	1.30920E-03	2.18832E+00	7.50000E-05	0.00000E+00	-1.38480E-03
2.84000E+00	1.30980E-03	2.19164E+00	7.50000E-05	0.00000E+00	-1.38540E-03
2.86000E+00	1.31100E-03	2.19512E+00	7.50000E-05	0.00000E+00	-1.38580E-03
2.88000E+00	1.31160E-03	2.19856E+00	7.50000E-05	0.00000E+00	-1.38700E-03
2.90000E+00	1.31240E-03	2.20010E+00	7.50000E-05	0.00000E+00	-1.38760E-03
2.92000E+00	1.31200E-03	2.20350E+00	7.50000E-05	0.00000E+00	-1.38740E-03
2.94000E+00	1.31260E-03	2.20680E+00	7.50000E-05	0.00000E+00	-1.38800E-03
2.96000E+00	1.31280E-03	2.20930E+00	7.50000E-05	0.00000E+00	-1.38740E-03
2.98000E+00	1.31320E-03	2.21330E+00	7.50000E-05	0.00000E+00	-1.38800E-03
3.00000E+00	1.31400E-03	2.21630E+00	7.50000E-05	0.00000E+00	-1.38880E-03
3.02000E+00	1.31420E-03	2.21920E+00	7.50000E-05	0.00000E+00	-1.38920E-03
3.04000E+00	1.31480E-03	2.22250E+00	7.50000E-05	0.00000E+00	-1.38980E-03
3.06000E+00	1.31500E-03	2.22610E+00	7.50000E-05	0.00000E+00	-1.38960E-03
3.08000E+00	1.31660E-03	2.22940E+00	7.50000E-05	0.00000E+00	-1.39140E-03
3.10000E+00	1.31760E-03	2.23300E+00	7.50000E-05	0.00000E+00	-1.39440E-03
3.12000E+00	1.31720E-03	2.23610E+00	7.50000E-05	0.00000E+00	-1.39260E-03
3.14000E+00	1.31800E-03	2.24070E+00	7.50000E-05	0.00000E+00	-1.39300E-03
3.16000E+00	1.31900E-03	2.24370E+00	7.50000E-05	0.00000E+00	-1.39360E-03
3.18000E+00	1.31860E-03	2.24640E+00	7.50000E-05	0.00000E+00	-1.39400E-03
3.20000E+00	1.32200E-03	2.24990E+00	7.50000E-05	0.00000E+00	-1.39460E-03
3.22000E+00	1.32020E-03	2.25350E+00	7.50000E-05	0.00000E+00	-1.39540E-03
3.24000E+00	1.32020E-03	2.25700E+00	7.50000E-05	0.00000E+00	-1.39580E-03
3.26000E+00	1.32120E-03	2.26030E+00	7.50000E-05	0.00000E+00	-1.39600E-03
3.28000E+00	1.32220E-03	2.26480E+00	7.50000E-05	0.00000E+00	-1.39740E-03
3.30000E+00	1.32320E-03	2.26760E+00	7.50000E-05	0.00000E+00	-1.39820E-03
3.32000E+00	1.32260E-03	2.27020E+00	7.50000E-05	0.00000E+00	-1.39760E-03
3.34000E+00	1.32340E-03	2.27400E+00	7.50000E-05	0.00000E+00	-1.39920E-03
3.36000E+00	1.32520E-03	2.27800E+00	7.50000E-05	0.00000E+00	-1.40040E-03
3.38000E+00	1.32580E-03	2.28200E+00	7.50000E-05	0.00000E+00	-1.40100E-03
3.40000E+00	1.32600E-03	2.28570E+00	7.50000E-05	0.00000E+00	-1.40100E-03
3.42000E+00	1.32700E-03	2.29000E+00	7.50000E-05	0.00000E+00	-1.40260E-03
3.44000E+00	1.32800E-03	2.29360E+00	7.50000E-05	0.00000E+00	-1.40360E-03
3.46000E+00	1.32920E-03	2.29750E+00	7.50000E-05	0.00000E+00	-1.40420E-03
3.48000E+00	1.32980E-03	2.30110E+00	7.50000E-05	0.00000E+00	-1.40540E-03
3.50000E+00	1.33120E-03	2.30480E+00	7.50000E-05	0.00000E+00	-1.40640E-03
3.52000E+00	1.33360E-03	2.30840E+00	7.50000E-05	0.00000E+00	-1.40620E-03
3.54000E+00	1.33220E-03	2.31310E+00	7.50000E-05	0.00000E+00	-1.40740E-03
3.56000E+00	1.33340E-03	2.31620E+00	7.50000E-05	0.00000E+00	-1.40860E-03
3.58000E+00	1.33340E-03	2.31960E+00	7.50000E-05	0.00000E+00	-1.40940E-03
3.60000E+00	1.33500E-03	2.32360E+00	7.50000E-05	0.00000E+00	-1.41040E-03
3.62000E+00	1.33700E-03	2.32740E+00	7.50000E-05	0.00000E+00	-1.41180E-03
3.64000E+00	1.33780E-03	2.33210E+00	7.50000E-05	0.00000E+00	-1.41300E-03
3.66000E+00	1.33900E-03	2.33550E+00	7.50000E-05	0.00000E+00	-1.41420E-03
3.68000E+00	1.34020E-03	2.34060E+00	7.50000E-05	0.00000E+00	-1.41540E-03
3.70000E+00	1.34100E-03	2.34430E+00	7.50000E-05	0.00000E+00	-1.41660E-03
3.72000E+00	1.34200E-03	2.34710E+00	7.50000E-05	0.00000E+00	-1.41760E-03
3.74000E+00	1.34400E-03	2.35160E+00	7.50000E-05	0.00000E+00	-1.41840E-03
3.76000E+00	1.34480E-03	2.35660E+00	7.50000E-05	0.00000E+00	-1.42000E-03
3.78000E+00	1.34680E-03	2.35920E+00	7.50000E-05	0.00000E+00	-1.42080E-03
3.80000E+00	1.34740E-03	2.36410E+00	7.50000E-05	0.00000E+00	-1.42300E-03
3.82000E+00	1.34900E-03	2.36910E+00	7.50000E-05	0.00000E+00	-1.42480E-03
3.84000E+00	1.35100E-03	2.37350E+00	7.50000E-05	0.00000E+00	-1.42840E-03
3.86000E+00	1.35220E-03	2.37760E+00	7.50000E-05	0.00000E+00	-1.42740E-03
3.88000E+00	1.35440E-03	2.38270E+00	7.50000E-05	0.00000E+00	-1.42940E-03
3.90000E+00	1.35640E-03	2.38500E+00	7.50000E-05	0.00000E+00	-1.43100E-03
3.92000E+00	1.35740E-03	2.38840E+00	7.50000E-05	0.00000E+00	-1.43240E-03
3.94000E+00	1.35960E-03	2.39360E+00	7.50000E-05	0.00000E+00	-1.43640E-03
3.96000E+00	1.36140E-03	2.39800E+00	7.50000E-05	0.00000E+00	-1.43620E-03
3.98000E+00	1.36380E-03	2.40330E+00	7.50000E-05	0.00000E+00	-1.43900E-03
4.00000E+00	1.36520E-03	2.40770E+00	7.50000E-05	0.00000E+00	-1.44020E-03
0.00000E+00	-9.99980E-05	2.30320E-01	1.00000E-04	0.00000E+00	5.36000E-10
2.00000E-02	-1.00000E-04	2.49600E-01	1.00000E-04	0.00000E+00	-2.31480E-09
4.00000E-02	-1.00020E-04	2.70520E-01	1.00000E-04	0.00000E+00	-3.50110E-09
6.00000E-02	-1.00000E-04	2.90480E-01	1.00000E-04	0.00000E+00	-9.02700E-10
8.00000E-02	-9.99960E-05	3.09680E-01	1.00000E-04	0.00000E+00	-1.71290E-09
1.00000E-01	-1.00002E-04	3.30280E-01	1.00000E-04	0.00000E+00	-7.52120E-09
1.20000E-01	-1.00006E-04	3.51080E-01	1.00000E-04	0.00000E+00	-1.25812E-08
1.40000E-01	-9.99800E-05	3.69160E-01	1.00000E-04	0.00000E+00	-1.81926E-08
1.60000E-01	-9.99500E-05	3.90560E-01	1.00000E-04	0.00000E+00	-3.29080E-08
1.80000E-01	-9.99120E-05	4.09960E-01	1.00000E-04	0.00000E+00	-6.44780E-08
2.00000E-01	-9.99140E-05	4.30240E-01	1.00000E-04	0.00000E+00	-1.11960E-07
2.20000E-01	-9.97720E-05	4.51280E-01	1.00000E-04	0.00000E+00	-2.09760E-07
2.40000E-01	-9.96180E-05	4.66320E-01	1.00000E-04	0.00000E+00	-3.75340E-07
2.60000E-01	-9.93740E-05	4.89720E-01	1.00000E-04	0.00000E+00	-6.49560E-07
2.80000E-01	-9.89720E-05	5.08560E-01	1.00000E-04	0.00000E+00	-1.02134E-06
3.00000E-01	-9.84140E-05	5.28880E-01	1.00000E-04	0.00000E+00	-1.58120E-06
3.20000E-01	-9.77480E-05	5.49160E-01	1.00000E-04	0.00000E+00	-2.24230E-06
3.40000E-01	-9.69120E-05	5.68760E-01	1.00000E-04	0.00000E+00	-3.08300E-06
3.60000E-01	-9.59200E-05	5.87800E-01	1.00000E-04	0.00000E+00	-4.02560E-06
3.80000E-01	-9.49400E-05	6.07920E-01	1.00000E-04	0.00000E+00	-5.16550E-06
4.00000E-01	-9.37020E-05	6.28120E-01	1.00000E-04	0.00000E+00	-6.21510E-06
4.20000E-01	-9.23840E-05	6.47760E-01	1.00000E-04	0.00000E+00	-7.63450E-06
4.40000E-01	-9.08480E-05	6.68960E-01	1.00000E-04	0.00000E+00	-9.14160E-06
4.60000E-01	-8.91000E-05	6.88600E-01	1.00000E-04	0.00000E+00	-1.07564E-05
4.80000E-01	-8.71720E-05	7.08920E-01	1.00000E-04	0.00000E+00	-1.28460E-05
5.00000E-01	-8.51620E-05	7.27200E-01	1.00000E-04	0.00000E+00	-1.47040E-05
5.20000E-01	-8.28500E-05	7.47320E-01	1.00000E-04	0.00000E+00	-1.71540E-05
5.40000E-01	-8.02140E-05	7.68280E-01	1.00000E-04	0.00000E+00	-1.97760E-05
5.60000E-01	-7.75280E-05	7.87200E-01	1.00000E-04	0.00000E+00	-2.26760E-05
5.80000E-01	-7.36760E-05	8.09000E-01	1.00000E-04	0.00000E+00	-2.61020E-05
6.00000E-01	-7.02000E-05	8.29600E-01	1.00000E-04	0.00000E+00	-2.98260E-05
6.20000E-01	-6.66320E-05	8.49160E-01	1.00000E-04	0.00000E+00	-3.32780E-05
6.40000E-01	-6.20400E-05	8.67320E-01	1.00000E-04	0.00000E+00	-3.78380E-05
6.60000E-01	-5.77920E-05	8.90000E-01	1.00000E-04	0.00000E+00	-4.25120E-05
6.80000E-01	-5.23060E-05	9.09480E-01	1.00000E-04	0.00000E+00	-4.73240E-05
7.00000E-01	-4.70880E-05	9.26840E-01	1.00000E-04	0.00000E+00	-5.26040E-05
7.20000E-01	-4.11600E-05	9.49280E-01	1.00000E-04	0.00000E+00	-5.88820E-05
7.40000E-01	-3.57840E-05	9.67200E-01	1.00000E-04	0.00000E+00	-6.48280E-05
7.60000E-01	-2.85800E-05	9.87800E-01	1.00000E-04	0.00000E+00	-7.11340E-05
7.80000E-01	-2.14680E-05	1.00700E+00	1.00000E-04	0.00000E+00	-7.83400E-05
8.00000E-01	-1.52760E-05	1.02364E+00	1.00000E-04	0.00000E+00	-8.46720E-05
8.20000E-01	-6.89790E-06	1.04300E+00	1.00000E-04	0.00000E+00	-9.26720E-05
8.40000E-01	5.43400E-07	1.06292E+00	1.00000E-04	0.00000E+00	-1.01520E-04
8.60000E-01	1.03351E-05	1.08220E+00	1.00000E-04	0.00000E+00	-1.10480E-04
8.80000E-01	1.93360E-05	1.10092E+00	1.00000E-04	0.00000E+00	-1.19640E-04
9.00000E-01	2.98380E-05	1.12004E+00	1.00000E-04	0.00000E+00	-1.28640E-04
9.20000E-01	4.05300E-05	1.13932E+00	1.00000E-04	0.00000E+00	-1.39600E-04
9.40000E-01	5.08240E-05	1.15944E+00	1.00000E-04	0.00000E+00	-1.50060E-04
9.60000E-01	6.13700E-05	1.17844E+00	1.00000E-04	0.00000E+00	-1.61440E-04
9.80000E-01	7.32720E-05	1.19732E+00	1.00000E-04	0.00000E+00	-1.73220E-04
1.00000E+00	8.59560E-05	1.21684E+00	1.00000E-04	0.00000E+00	-1.85200E-04
1.02000E+00	9.88060E-05	1.23528E+00	1.00000E-04	0.00000E+00	-1.98700E-04
1.04000E+00	1.12764E-04	1.25408E+00	1.00000E-04	0.00000E+00	-2.11260E-04
1.06000E+00	1.26100E-04	1.27468E+00	1.00000E-04	0.00000E+00	-2.25440E-04
1.08000E+00	1.41960E-04	1.29240E+00	1.00000E-04	0.00000E+00	-2.40820E-04
1.10000E+00	1.55080E-04	1.31108E+00	1.00000E-04	0.00000E+00	-2.55180E-04
1.12000E+00	1.72080E-04	1.33168E+00	1.00000E-04	0.00000E+00	-2.70320E-04
1.14000E+00	1.86360E-04	1.34948E+00	1.00000E-04	0.00000E+00	-2.87360E-04
1.16000E+00	2.03020E-04	1.36864E+00	1.00000E-04	0.00000E+00	-3.02940E-04
1.18000E+00	2.21560E-04	1.38928E+00	1.00000E-04	0.00000E+00	-3.18920E-04
1.20000E+00	2.38460E-04	1.40668E+00	1.00000E-04	0.00000E+00	-3.39240E-04
1.22000E+00	2.56940E-04	1.42656E+00	1.00000E-04	0.00000E+00	-3.56960E-04
1.24000E+00	2.75140E-04	1.44392E+00	1.00000E-04	0.00000E+00	-3.74740E-04
1.26000E+00	2.94440E-04	1.46272E+00	1.00000E-04	0.00000E+00	-3.95060E-04
1.28000E+00	3.12540E-04	1.48164E+00	1.00000E-04	0.00000E+00	-4.14540E-04
1.30000E+00	3.36080E-04	1.50088E+00	1.00000E-04	0.00000E+00	-4.35440E-04
1.32000E+00	3.54860E-04	1.51864E+00	1.00000E-04	0.00000E+00	-4.55820E-04
1.34000E+00	3.76900E-04	1.53656E+00	1.00000E-04	0.00000E+00	-4.76640E-04
1.36000E+00	3.99780E-04	1.55556E+00	1.00000E-04	0.00000E+00	-4.97280E-04
1.38000E+00	4.21400E-04	1.57416E+00	1.00000E-04	0.00000E+00	-5.20520E-04
1.40000E+00	4.43040E-04	1.59328E+00	1.00000E-04	0.00000E+00	-5.44020E-04
1.42000E+00	4.67920E-04	1.60996E+00	1.00000E-04	0.00000E+00	-5.65500E-04
1.44000E+00	4.92640E-04	1.62936E+00	1.00000E-04	0.00000E+00	-5.91880E-04
1.46000E+00	5.13480E-04	1.64640E+00	1.00000E-04	0.00000E+00	-6.15940E-04
1.48000E+00	5.40200E-04	1.66552E+00	1.00000E-04	0.00000E+00	-6.40660E-04
1.50000E+00	5.65900E-04	1.68396E+00	1.00000E-04	0.00000E+00	-6.65600E-04
1.52000E+00	5.91360E-04	1.70180E+00	1.00000E-04	0.00000E+00	-6.94940E-04
1.54000E+00	6.18960E-04	1.72044E+00	1.00000E-04	0.00000E+00	-7.20300E-04
1.56000E+00	6.45140E-04	1.73868E+00	1.00000E-04	0.00000E+00	-7.46480E-04
1.58000E+00	6.72980E-04	1.75660E+00	1.00000E-04	0.00000E+00	-7.73920E-04
1.60000E+00	7.03580E-04	1.77312E+00	1.00000E-04	0.00000E+00	-8.00700E-04
1.62000E+00	7.30260E-04	1.79112E+00	1.00000E-04	0.00000E+00	-8.32020E-04
1.64000E+00	7.60220E-04	1.80948E+00	1.00000E-04	0.00000E+00	-8.57280E-04
1.66000E+00	7.87500E-04	1.82808E+00	1.00000E-04	0.00000E+00	-8.88800E-04
1.68000E+00	8.16260E-04	1.84536E+00	1.00000E-04	0.00000E+00	-9.17300E-04
1.70000E+00	8.47860E-04	1.86380E+00	1.00000E-04	0.00000E+00	-9.47980E-04
1.72000E+00	8.79520E-04	1.88096E+00	1.00000E-04	0.00000E+00	-9.81400E-04
1.74000E+00	9.10380E-04	1.89880E+00	1.00000E-04	0.00000E+00	-1.01112E-03
1.76000E+00	9.45120E-04	1.91580E+00	1.00000E-04	0.00000E+00	-1.04500E-03
1.78000E+00	9.68080E-04	1.92796E+00	1.00000E-04	0.00000E+00	-1.07558E-03
1.80000E+00	1.01158E-03	1.95048E+00	1.00000E-04	0.00000E+00	-1.10928E-03
1.82000E+00	1.04226E-03	1.97004E+00	1.00000E-04	0.00000E+00	-1.14612E-03
1.84000E+00	1.07630E-03	1.98576E+00	1.00000E-04	0.00000E+00	-1.17360E-03
1.86000E+00	1.10260E-03	2.00384E+00	1.00000E-04	0.00000E+00	-1.21120E-03
1.88000E+00	1.14464E-03	2.02096E+00	1.00000E-04	0.00000E+00	-1.24360E-03
1.90000E+00	1.17600E-03	2.03880E+00	1.00000E-04	0.00000E+00	-1.27940E-03
1.92000E+00	1.21060E-03	2.05504E+00	1.00000E-04	0.00000E+00	-1.30840E-03
1.94000E+00	1.24540E-03	2.06660E+00	1.00000E-04	0.00000E+00	-1.33920E-03
1.96000E+00	1.28260E-03	2.08872E+00	1.00000E-04	0.00000E+00	-1.38320E-03
1.98000E+00	1.31640E-03	2.10620E+00	1.00000E-04	0.00000E+00	-1.41840E-03
2.00000E+00	1.35200E-03	2.12332E+00	1.00000E-04	0.00000E+00	-1.45120E-03
2.02000E+00	1.38860E-03	2.13936E+00	1.00000E-04	0.00000E+00	-1.48900E-03
2.04000E+00	1.42060E-03	2.15512E+00	1.00000E-04	0.00000E+00	-1.52500E-03
2.06000E+00	1.46200E-03	2.17120E+00	1.00000E-04	0.00000E+00	-1.56160E-03
2.08000E+00	1.49700E-03	2.18712E+00	1.00000E-04	0.00000E+00	-1.59580E-03
2.10000E+00	1.53720E-03	2.20400E+00	1.00000E-04	0.00000E+00	-1.63440E-03
2.12000E+00	1.57020E-03	2.22160E+00	1.00000E-04	0.00000E+00	-1.66960E-03
2.14000E+00	1.60680E-03	2.23550E+00	1.00000E-04	0.00000E+00	-1.71000E-03
2.16000E+00	1.64060E-03	2.24940E+00	1.00000E-04	0.00000E+00	-1.74120E-03
2.18000E+00	1.68000E-03	2.26670E+00	1.00000E-04	0.00000E+00	-1.77980E-03
2.20000E+00	1.71180E-03	2.27910E+00	1.00000E-04	0.00000E+00	-1.81400E-03
2.22000E+00	1.74740E-03	2.29380E+00	1.00000E-04	0.00000E+00	-1.85140E-03
2.24000E+00	1.78180E-03	2.30890E+00	1.00000E-04	0.00000E+00	-1.88760E-03
2.26000E+00	1.81340E-03	2.32090E+00	1.00000E-04	0.00000E+00	-1.91440E-03
2.28000E+00	1.84580E-03	2.33340E+00	1.00000E-04	0.00000E+00	-1.94600E-03
2.30000E+00	1.87460E-03	2.34750E+00	1.00000E-04	0.00000E+00	-1.97560E-03
2.32000E+00	1.90360E-03	2.35860E+00	1.00000E-04	0.00000E+00	-2.00480E-03
2.34000E+00	1.92400E-03	2.37040E+00	1.00000E-04	0.00000E+00	-2.02680E-03
2.36000E+00	1.93580E-03	2.37730E+00	1.00000E-04	0.00000E+00	-2.05000E-03
2.38000E+00	1.96020E-03	2.38830E+00	1.00000E-04	0.00000E+00	-2.06260E-03
2.40000E+00	1.97700E-03	2.39600E+00	1.00000E-04	0.00000E+00	-2.07680E-03
2.42000E+00	1.98720E-03	2.40280E+00	1.00000E-04	0.00000E+00	-2.08620E-03
2.44000E+00	1.99540E-03	2.40810E+00	1.00000E-04	0.00000E+00	-2.09520E-03
2.46000E+00	1.99900E-03	2.41250E+00	1.00000E-04	0.00000E+00	-2.09940E-03
2.48000E+00	2.00240E-03	2.41620E+00	1.00000E-04	0.00000E+00	-2.10300E-03
2.50000E+00	2.00300E-03	2.42050E+00	1.00000E-04	0.00000E+00	-2.10500E-03
2.52000E+00	2.00740E-03	2.42490E+00	1.00000E-04	0.00000E+00	-2.10600E-03
2.54000E+00	2.00660E-03	2.42850E+00	1.00000E-04	0.00000E+00	-2.10780E-03
2.56000E+00	2.00940E-03	2.43240E+00	1.00000E-04	0.00000E+00	-2.10880E-03
2.58000E+00	2.00780E-03	2.43510E+00	1.00000E-04	0.00000E+00	-2.11060E-03
2.60000E+00	2.01020E-03	2.44020E+00	1.00000E-04	0.00000E+00	-2.10980E-03
2.62000E+00	2.01060E-03	2.44300E+00	1.00000E-04	0.00000E+00	-2.11120E-03
2.64000E+00	2.01120E-03	2.44740E+00	1.00000E-04	0.00000E+00	-2.11140E-03
2.66000E+00	2.01080E-03	2.45100E+00	1.00000E-04	0.00000E+00	-2.11120E-03
2.68000E+00	2.01220E-03	2.45580E+00	1.00000E-04	0.00000E+00	-2.11180E-03
2.70000E+00	2.01340E-03	2.45890E+00	1.00000E-04	0.00000E+00	-2.11380E-03
2.72000E+00	2.01160E-03	2.46250E+00	1.00000E-04	0.00000E+00	-2.11260E-03
2.74000E+00	2.01280E-03	2.46650E+00	1.00000E-04	0.00000E+00	-2.11320E-03
2.76000E+00	2.01500E-03	2.46970E+00	1.00000E-04	0.00000E+00	-2.11480E-03
2.78000E+00	2.01580E-03	2.47370E+00	1.00000E-04	0.00000E+00	-2.11580E-03
2.80000E+00	2.01540E-03	2.47720E+00	1.00000E-04	0.00000E+00	-2.11520E-03
2.82000E+00	2.01660E-03	2.48260E+00	1.00000E-04	0.00000E+00	-2.11620E-03
2.84000E+00	2.01640E-03	2.48530E+00	1.00000E-04	0.00000E+00	-2.11700E-03
2.86000E+00	2.01840E-03	2.48900E+00	1.00000E-04	0.00000E+00	-2.11800E-03
2.88000E+00	2.01700E-03	2.49160E+00	1.00000E-04	0.00000E+00	-2.11800E-03
2.90000E+00	2.01900E-03	2.49530E+00	1.00000E-04	0.00000E+00	-2.11920E-03
2.92000E+00	2.01980E-03	2.50040E+00	1.00000E-04	0.00000E+00	-2.11980E-03
2.94000E+00	2.02020E-03	2.50280E+00	1.00000E-04	0.00000E+00	-2.12040E-03
2.96000E+00	2.02060E-03	2.50810E+00	1.00000E-04	0.00000E+00	-2.12120E-03
2.98000E+00	2.02200E-03	2.51080E+00	1.00000E-04	0.00000E+00	-2.12200E-03
3.00000E+00	2.02520E-03	2.51560E+00	1.00000E-04	0.00000E+00	-2.12260E-03
3.02000E+00	2.02520E-03	2.52040E+00	1.00000E-04	0.00000E+00	-2.12340E-03
3.04000E+00	2.02440E-03	2.52400E+00	1.00000E-04	0.00000E+00	-2.12360E-03
3.06000E+00	2.02360E-03	2.52850E+00	1.00000E-04	0.00000E+00	-2.12380E-03
3.08000E+00	2.02500E-03	2.53310E+00	1.00000E-04	0.00000E+00	-2.12480E-03
3.10000E+00	2.02560E-03	2.53700E+00	1.00000E-04	0.00000E+00	-2.12560E-03
3.12000E+00	2.02720E-03	2.54070E+00	1.00000E-04	0.00000E+00	-2.12620E-03
3.14000E+00	2.02620E-03	2.54500E+00	1.00000E-04	0.00000E+00	-2.12720E-03
3.16000E+00	2.02720E-03	2.54920E+00	1.00000E-04	0.00000E+00	-2.12700E-03
3.18000E+00	2.02980E-03	2.55300E+00	1.00000E-04	0.00000E+00	-2.12900E-03
3.20000E+00	2.02980E-03	2.55680E+00	1.00000E-04	0.00000E+00	-2.12980E-03
3.22000E+00	2.02980E-03	2.56150E+00	1.00000E-04	0.00000E+00	-2.12980E-03
3.24000E+00	2.03060E-03	2.56580E+00	1.00000E-04	0.00000E+00	-2.13160E-03
3.26000E+00	2.03120E-03	2.56980E+00	1.00000E-04	0.00000E+00	-2.13280E-03
3.28000E+00	2.03260E-03	2.57260E+00	1.00000E-04	0.00000E+00	-2.13260E-03
3.30000E+00	2.03260E-03	2.57710E+00	1.00000E-04	0.00000E+00	-2.13400E-03
3.32000E+00	2.03340E-03	2.58190E+00	1.00000E-04	0.00000E+00	-2.13380E-03
3.34000E+00	2.03360E-03	2.58390E+00	1.00000E-04	0.00000E+00	-2.13400E-03
3.36000E+00	2.03480E-03	2.59050E+00	1.00000E-04	0.00000E+00	-2.13440E-03
3.38000E+00	2.03620E-03	2.59280E+00	1.00000E-04	0.00000E+00	-2.13620E-03
3.40000E+00	2.03600E-03	2.59900E+00	1.00000E-04	0.00000E+00	-2.13780E-03
3.42000E+00	2.03660E-03	2.60080E+00	1.00000E-04	0.00000E+00	-2.13700E-03
3.44000E+00	2.03840E-03	2.60790E+00	1.00000E-04	0.00000E+00	-2.13840E-03
3.46000E+00	2.03940E-03	2.61120E+00	1.00000E-04	0.00000E+00	-2.14080E-03
3.48000E+00	2.03980E-03	2.61700E+00	1.00000E-04	0.00000E+00	-2.14120E-03
3.50000E+00	2.04000E-03	2.62230E+00	1.00000E-04	0.00000E+00	-2.14120E-03
3.52000E+00	2.04200E-03	2.62630E+00	1.00000E-04	0.00000E+00	-2.14260E-03
3.54000E+00	2.04320E-03	2.63110E+00	1.00000E-04	0.00000E+00	-2.14420E-03
3.56000E+00	2.04540E-03	2.63520E+00	1.00000E-04	0.00000E+00	-2.14480E-03
3.58000E+00	2.04560E-03	2.64050E+00	1.00000E-04	0.00000E+00	-2.14620E-03
3.60000E+00	2.04720E-03	2.64490E+00	1.00000E-04	0.00000E+00	-2.14700E-03
3.62000E+00	2.04840E-03	2.64930E+00	1.00000E-04	0.00000E+00	-2.14840E-03
3.64000E+00	2.05000E-03	2.65320E+00	1.00000E-04	0.00000E+00	-2.15100E-03
3.66000E+00	2.04980E-03	2.65810E+00	1.00000E-04	0.00000E+00	-2.15040E-03
3.68000E+00	2.05240E-03	2.66230E+00	1.00000E-04	0.00000E+00	-2.15240E-03
3.70000E+00	2.05360E-03	2.66660E+00	1.00000E-04	0.00000E+00	-2.15380E-03
3.72000E+00	2.05520E-03	2.67240E+00	1.00000E-04	0.00000E+00	-2.15440E-03
3.74000E+00	2.05600E-03	2.67790E+00	1.00000E-04	0.00000E+00	-2.15660E-03
3.76000E+00	2.05660E-03	2.68110E+00	1.00000E-04	0.00000E+00	-2.15740E-03
3.78000E+00	2.05740E-03	2.68600E+00	1.00000E-04	0.00000E+00	-2.15800E-03
3.80000E+00	2.05860E-03	2.69220E+00	1.00000E-04	0.00000E+00	-2.15880E-03
3.82000E+00	2.06060E-03	2.69540E+00	1.00000E-04	0.00000E+00	-2.16020E-03
3.84000E+00	2.06140E-03	2.70030E+00	1.00000E-04	0.00000E+00	-2.16240E-03
3.86000E+00	2.06240E-03	2.70480E+00	1.00000E-04	0.00000E+00	-2.16320E-03
3.88000E+00	2.06360E-03	2.71050E+00	1.00000E-04	0.00000E+00	-2.16460E-03
3.90000E+00	2.06660E-03	2.71470E+00	1.00000E-04	0.00000E+00	-2.16740E-03
3.92000E+00	2.06740E-03	2.72000E+00	1.00000E-04	0.00000E+00	-2.16760E-03
3.94000E+00	2.06900E-03	2.72510E+00	1.00000E-04	0.00000E+00	-2.16960E-03
3.96000E+00	2.07120E-03	2.73050E+00	1.00000E-04	0.00000E+00	-2.17300E-03
3.98000E+00	2.07340E-03	2.73510E+00	1.00000E-04	0.00000E+00	-2.17320E-03
4.00000E+00	2.07420E-03	2.73950E+00	1.00000E-04	0.00000E+00	-2.17480E-03
0.00000E+00	-1.24940E-04	2.43040E-01	1.25000E-04	0.00000E+00	1.63680E-09
2.00000E-02	-1.24960E-04	2.65080E-01	1.25000E-04	0.00000E+00	5.02400E-10
4.00000E-02	-1.24900E-04	2.84080E-01	1.25000E-04	0.00000E+00	-3.75930E-09
6.00000E-02	-1.24920E-04	3.04440E-01	1.25000E-04	0.00000E+00	-3.96010E-09
8.00000E-02	-1.24920E-04	3.24760E-01	1.25000E-04	0.00000E+00	-2.42620E-09
1.00000E-01	-1.24980E-04	3.39600E-01	1.25000E-04	0.00000E+00	-5.53170E-09
1.20000E-01	-1.24900E-04	3.62320E-01	1.25000E-04	0.00000E+00	-1.49626E-08
1.40000E-01	-1.24940E-04	3.83200E-01	1.25000E-04	0.00000E+00	-2.22464E-08
1.60000E-01	-1.24920E-04	4.01520E-01	1.25000E-04	0.00000E+00	-4.15454E-08
1.80000E-01	-1.24880E-04	4.21160E-01	1.25000E-04	0.00000E+00	-8.06618E-08
2.00000E-01	-1.24820E-04	4.41400E-01	1.25000E-04	0.00000E+00	-1.42040E-07
2.20000E-01	-1.24700E-04	4.64280E-01	1.25000E-04	0.00000E+00	-2.47880E-07
2.40000E-01	-1.24460E-04	4.81840E-01	1.25000E-04	0.00000E+00	-4.38780E-07
2.60000E-01	-1.24180E-04	5.04440E-01	1.25000E-04	0.00000E+00	-7.60040E-07
2.80000E-01	-1.23720E-04	5.21200E-01	1.25000E-04	0.00000E+00	-1.23760E-06
3.00000E-01	-1.23080E-04	5.41040E-01	1.25000E-04	0.00000E+00	-1.80930E-06
3.20000E-01	-1.22440E-04	5.61600E-01	1.25000E-04	0.00000E+00	-2.53490E-06
3.40000E-01	-1.21500E-04	5.82520E-01	1.25000E-04	0.00000E+00	-3.50200E-06
3.60000E-01	-1.20580E-04	6.01920E-01	1.25000E-04	0.00000E+00	-4.37660E-06
3.80000E-01	-1.19440E-04	6.21680E-01	1.25000E-04	0.00000E+00	-5.51190E-06
4.00000E-01	-1.18300E-04	6.41520E-01	1.25000E-04	0.00000E+00	-6.74070E-06
4.20000E-01	-1.16780E-04	6.61200E-01	1.25000E-04	0.00000E+00	-7.97100E-06
4.40000E-01	-1.15360E-04	6.81360E-01	1.25000E-04	0.00000E+00	-9.51430E-06
4.60000E-01	-1.13600E-04	7.01880E-01	1.25000E-04	0.00000E+00	-1.12702E-05
4.80000E-01	-1.11620E-04	7.20640E-01	1.25000E-04	0.00000E+00	-1.32820E-05
5.00000E-01	-1.09400E-04	7.40520E-01	1.25000E-04	0.00000E+00	-1.55300E-05
5.20000E-01	-1.06980E-04	7.59800E-01	1.25000E-04	0.00000E+00	-1.78580E-05
5.40000E-01	-1.04420E-04	7.80080E-01	1.25000E-04	0.00000E+00	-2.04580E-05
5.60000E-01	-1.01420E-04	7.99440E-01	1.25000E-04	0.00000E+00	-2.34380E-05
5.80000E-01	-9.77440E-05	8.19400E-01	1.25000E-04	0.00000E+00	-2.68740E-05
6.00000E-01	-9.44500E-05	8.40480E-01	1.25000E-04	0.00000E+00	-3.04580E-05
6.20000E-01	-9.05740E-05	8.59160E-01	1.25000E-04	0.00000E+00	-3.47160E-05
6.40000E-01	-8.61220E-05	8.79040E-01	1.25000E-04	0.00000E+00	-3.88440E-05
6.60000E-01	-8.09320E-05	9.01520E-01	1.25000E-04	0.00000E+00	-4.39120E-05
6.80000E-01	-7.65980E-05	9.18640E-01	1.25000E-04	0.00000E+00	-4.88500E-05
7.00000E-01	-7.09320E-05	9.37840E-01	1.25000E-04	0.00000E+00	-5.40000E-05
7.20000E-01	-6.49960E-05	9.57760E-01	1.25000E-04	0.00000E+00	-5.97600E-05
7.40000E-01	-5.89020E-05	9.79080E-01	1.25000E-04	0.00000E+00	-6.62040E-05
7.60000E-01	-5.19560E-05	9.96520E-01	1.25000E-04	0.00000E+00	-7.33400E-05
7.80000E-01	-4.38400E-05	1.01752E+00	1.25000E-04	0.00000E+00	-8.08080E-05
8.00000E-01	-3.72300E-05	1.03492E+00	1.25000E-04	0.00000E+00	-8.80020E-05
8.20000E-01	-2.86300E-05	1.05464E+00	1.25000E-04	0.00000E+00	-9.59720E-05
8.40000E-01	-1.97560E-05	1.07432E+00	1.25000E-04	0.00000E+00	-1.04438E-04
8.60000E-01	-1.20300E-05	1.09092E+00	1.25000E-04	0.00000E+00	-1.14674E-04
8.80000E-01	-1.48430E-06	1.11280E+00	1.25000E-04	0.00000E+00	-1.23600E-04
9.00000E-01	9.47100E-06	1.13236E+00	1.25000E-04	0.00000E+00	-1.33720E-04
9.20000E-01	1.96140E-05	1.15180E+00	1.25000E-04	0.00000E+00	-1.44460E-04
9.40000E-01	3.09520E-05	1.16980E+00	1.25000E-04	0.00000E+00	-1.55520E-04
9.60000E-01	4.23540E-05	1.19092E+00	1.25000E-04	0.00000E+00	-1.67180E-04
9.80000E-01	5.47220E-05	1.20916E+00	1.25000E-04	0.00000E+00	-1.79160E-04
1.00000E+00	6.74300E-05	1.22924E+00	1.25000E-04	0.00000E+00	-1.92620E-04
1.02000E+00	8.13560E-05	1.24876E+00	1.25000E-04	0.00000E+00	-2.05860E-04
1.04000E+00	9.48000E-05	1.26800E+00	1.25000E-04	0.00000E+00	-2.19820E-04
1.06000E+00	1.08642E-04	1.28548E+00	1.25000E-04	0.00000E+00	-2.32760E-04
1.08000E+00	1.24320E-04	1.30524E+00	1.25000E-04	0.00000E+00	-2.49580E-04
1.10000E+00	1.39620E-04	1.32504E+00	1.25000E-04	0.00000E+00	-2.64860E-04
1.12000E+00	1.55100E-04	1.34656E+00	1.25000E-04	0.00000E+00	-2.80320E-04
1.14000E+00	1.71780E-04	1.36280E+00	1.25000E-04	0.00000E+00	-2.97680E-04
1.16000E+00	1.88900E-04	1.38192E+00	1.25000E-04	0.00000E+00	-3.12860E-04
1.18000E+00	2.05760E-04	1.40104E+00	1.25000E-04	0.00000E+00	-3.31420E-04
1.20000E+00	2.24280E-04	1.41960E+00	1.25000E-04	0.00000E+00	-3.49520E-04
1.22000E+00	2.43940E-04	1.43876E+00	1.25000E-04	0.00000E+00	-3.68380E-04
1.24000E+00	2.62220E-04	1.45688E+00	1.25000E-04	0.00000E+00	-3.87720E-04
1.26000E+00	2.80900E-04	1.47496E+00	1.25000E-04	0.00000E+00	-4.06780E-04
1.28000E+00	3.04200E-04	1.49548E+00	1.25000E-04	0.00000E+00	-4.28340E-04
1.30000E+00	3.24560E-04	1.51372E+00	1.25000E-04	0.00000E+00	-4.49540E-04
1.32000E+00	3.45920E-04	1.53280E+00	1.25000E-04	0.00000E+00	-4.70720E-04
1.34000E+00	3.68540E-04	1.55136E+00	1.25000E-04	0.00000E+00	-4.92380E-04
1.36000E+00	3.90760E-04	1.56996E+00	1.25000E-04	0.00000E+00	-5.15660E-04
1.38000E+00	4.14340E-04	1.58896E+00	1.25000E-04	0.00000E+00	-5.39120E-04
1.40000E+00	4.37340E-04	1.60700E+00	1.25000E-04	0.00000E+00	-5.61220E-04
1.42000E+00	4.61660E-04	1.62632E+00	1.25000E-04	0.00000E+00	-5.86620E-04
1.44000E+00	4.85620E-04	1.64436E+00	1.25000E-04	0.00000E+00	-6.12100E-04
1.46000E+00	5.13020E-04	1.66260E+00	1.25000E-04	0.00000E+00	-6.36720E-04
1.48000E+00	5.39320E-04	1.68104E+00	1.25000E-04	0.00000E+00	-6.63700E-04
1.50000E+00	5.64320E-04	1.70012E+00	1.25000E-04	0.00000E+00	-6.89920E-04
1.52000E+00	5.92640E-04	1.71864E+00	1.25000E-04	0.00000E+00	-7.16080E-04
1.54000E+00	6.21460E-04	1.73720E+00	1.25000E-04	0.00000E+00	-7.47240E-04
1.56000E+00	6.49980E-04	1.75636E+00	1.25000E-04	0.00000E+00	-7.74520E-04
1.58000E+00	6.75420E-04	1.77220E+00	1.25000E-04	0.00000E+00	-8.00400E-04
1.60000E+00	7.03920E-04	1.79212E+00	1.25000E-04	0.00000E+00	-8.31340E-04
1.62000E+00	7.32700E-04	1.80996E+00	1.25000E-04	0.00000E+00	-8.57920E-04
1.64000E+00	7.65300E-04	1.82820E+00	1.25000E-04	0.00000E+00	-8.89980E-04
1.66000E+00	7.93140E-04	1.84420E+00	1.25000E-04	0.00000E+00	-9.19960E-04
1.68000E+00	8.25320E-04	1.86468E+00	1.25000E-04	0.00000E+00	-9.51760E-04
1.70000E+00	8.65040E-04	1.88468E+00	1.25000E-04	0.00000E+00	-9.83000E-04
1.72000E+00	8.90460E-04	1.90120E+00	1.25000E-04	0.00000E+00	-1.01466E-03
1.74000E+00	9.22580E-04	1.91752E+00	1.25000E-04	0.00000E+00	-1.04766E-03
1.76000E+00	9.55500E-04	1.93956E+00	1.25000E-04	0.00000E+00	-1.08026E-03
1.78000E+00	9.88800E-04	1.95416E+00	1.25000E-04	0.00000E+00	-1.11492E-03
1.80000E+00	1.02282E-03	1.97204E+00	1.25000E-04	0.00000E+00	-1.14850E-03
1.82000E+00	1.05442E-03	1.98928E+00	1.25000E-04	0.00000E+00	-1.18160E-03
1.84000E+00	1.09252E-03	2.00748E+00	1.25000E-04	0.00000E+00	-1.21720E-03
1.86000E+00	1.12518E-03	2.02596E+00	1.25000E-04	0.00000E+00	-1.25160E-03
1.88000E+00	1.16040E-03	2.04308E+00	1.25000E-04	0.00000E+00	-1.28180E-03
1.90000E+00	1.19480E-03	2.05984E+00	1.25000E-04	0.00000E+00	-1.32120E-03
1.92000E+00	1.23500E-03	2.07808E+00	1.25000E-04	0.00000E+00	-1.35720E-03
1.94000E+00	1.26740E-03	2.09656E+00	1.25000E-04	0.00000E+00	-1.39440E-03
1.96000E+00	1.30440E-03	2.11296E+00	1.25000E-04	0.00000E+00	-1.43520E-03
1.98000E+00	1.34420E-03	2.13056E+00	1.25000E-04	0.00000E+00	-1.46900E-03
2.00000E+00	1.37840E-03	2.14804E+00	1.25000E-04	0.00000E+00	-1.50780E-03
2.02000E+00	1.41840E-03	2.16556E+00	1.25000E-04	0.00000E+00	-1.54640E-03
2.04000E+00	1.46060E-03	2.18324E+00	1.25000E-04	0.00000E+00	-1.58620E-03
2.06000E+00	1.50200E-03	2.20008E+00	1.25000E-04	0.00000E+00	-1.62840E-03
2.08000E+00	1.54420E-03	2.21700E+00	1.25000E-04	0.00000E+00	-1.66200E-03
2.10000E+00	1.58060E-03	2.23390E+00	1.25000E-04	0.00000E+00	-1.70380E-03
2.12000E+00	1.61920E-03	2.25200E+00	1.25000E-04	0.00000E+00	-1.73940E-03
2.14000E+00	1.66260E-03	2.26880E+00	1.25000E-04	0.00000E+00	-1.78740E-03
2.16000E+00	1.70960E-03	2.28620E+00	1.25000E-04	0.00000E+00	-1.82980E-03
2.18000E+00	1.74480E-03	2.30310E+00	1.25000E-04	0.00000E+00	-1.87380E-03
2.20000E+00	1.78740E-03	2.31820E+00	1.25000E-04	0.00000E+00	-1.91340E-03
2.22000E+00	1.82900E-03	2.33560E+00	1.25000E-04	0.00000E+00	-1.95640E-03
2.24000E+00	1.87560E-03	2.35490E+00	1.25000E-04	0.00000E+00	-2.00320E-03
2.26000E+00	1.91620E-03	2.37030E+00	1.25000E-04	0.00000E+00	-2.04440E-03
2.28000E+00	1.95580E-03	2.38690E+00	1.25000E-04	0.00000E+00	-2.08100E-03
2.30000E+00	1.99660E-03	2.40420E+00	1.25000E-04	0.00000E+00	-2.12720E-03
2.32000E+00	2.03700E-03	2.42010E+00	1.25000E-04	0.00000E+00	-2.16500E-03
2.34000E+00	2.08380E-03	2.43530E+00	1.25000E-04	0.00000E+00	-2.20480E-03
2.36000E+00	2.11080E-03	2.44890E+00	1.25000E-04	0.00000E+00	-2.23580E-03
2.38000E+00	2.16520E-03	2.46400E+00	1.25000E-04	0.00000E+00	-2.28360E-03
2.40000E+00	2.21260E-03	2.48410E+00	1.25000E-04	0.00000E+00	-2.33420E-03
2.42000E+00	2.25560E-03	2.50110E+00	1.25000E-04	0.00000E+00	-2.38180E-03
2.44000E+00	2.28820E-03	2.51530E+00	1.25000E-04	0.00000E+00	-2.42200E-03
2.46000E+00	2.32580E-03	2.52970E+00	1.25000E-04	0.00000E+00	-2.44740E-03
2.48000E+00	2.37200E-03	2.54440E+00	1.25000E-04	0.00000E+00	-2.49020E-03
2.50000E+00	2.41440E-03	2.55970E+00	1.25000E-04	0.00000E+00	-2.54120E-03
2.52000E+00	2.45760E-03	2.57640E+00	1.25000E-04	0.00000E+00	-2.58580E-03
2.54000E+00	2.49380E-03	2.59030E+00	1.25000E-04	0.00000E+00	-2.62120E-03
2.56000E+00	2.52860E-03	2.60470E+00	1.25000E-04	0.00000E+00	-2.65440E-03
2.58000E+00	2.57460E-03	2.61940E+00	1.25000E-04	0.00000E+00	-2.70220E-03
2.60000E+00	2.60560E-03	2.63240E+00	1.25000E-04	0.00000E+00	-2.73640E-03
2.62000E+00	2.64700E-03	2.64480E+00	1.25000E-04	0.00000E+00	-2.76860E-03
2.64000E+00	2.67680E-03	2.65730E+00	1.25000E-04	0.00000E+00	-2.80380E-03
2.66000E+00	2.70520E-03	2.66780E+00	1.25000E-04	0.00000E+00	-2.83300E-03
2.68000E+00	2.72940E-03	2.67690E+00	1.25000E-04	0.00000E+00	-2.85360E-03
2.70000E+00	2.74780E-03	2.68680E+00	1.25000E-04	0.00000E+00	-2.87140E-03
2.72000E+00	2.76500E-03	2.69690E+00	1.25000E-04	0.00000E+00	-2.89040E-03
2.74000E+00	2.77740E-03	2.70480E+00	1.25000E-04	0.00000E+00	-2.90420E-03
2.76000E+00	2.78940E-03	2.71100E+00	1.25000E-04	0.00000E+00	-2.91360E-03
2.78000E+00	2.79820E-03	2.71600E+00	1.25000E-04	0.00000E+00	-2.91940E-03
2.80000E+00	2.80240E-03	2.72190E+00	1.25000E-04	0.00000E+00	-2.92660E-03
2.82000E+00	2.80480E-03	2.72780E+00	1.25000E-04	0.00000E+00	-2.93020E-03
2.84000E+00	2.80940E-03	2.73260E+00	1.25000E-04	0.00000E+00	-2.93260E-03
2.86000E+00	2.80940E-03	2.73740E+00	1.25000E-04	0.00000E+00	-2.93440E-03
2.88000E+00	2.80820E-03	2.74210E+00	1.25000E-04	0.00000E+00	-2.93680E-03
2.90000E+00	2.81160E-03	2.74580E+00	1.25000E-04	0.00000E+00	-2.93840E-03
2.92000E+00	2.81420E-03	2.75160E+00	1.25000E-04	0.00000E+00	-2.93680E-03
2.94000E+00	2.81300E-03	2.75570E+00	1.25000E-04	0.00000E+00	-2.94080E-03
2.96000E+00	2.81740E-03	2.75800E+00	1.25000E-04	0.00000E+00	-2.94240E-03
2.98000E+00	2.81720E-03	2.76650E+00	1.25000E-04	0.00000E+00	-2.94380E-03
3.00000E+00	2.78820E-03	2.77120E+00	1.25000E-04	0.00000E+00	-2.93780E-03
3.02000E+00	2.81160E-03	2.76650E+00	1.25000E-04	0.00000E+00	-2.94340E-03
3.04000E+00	2.81860E-03	2.77550E+00	1.25000E-04	0.00000E+00	-2.91580E-03
3.06000E+00	2.82100E-03	2.78490E+00	1.25000E-04	0.00000E+00	-2.94620E-03
3.08000E+00	2.82140E-03	2.78800E+00	1.25000E-04	0.00000E+00	-2.94840E-03
3.10000E+00	2.82500E-03	2.79270E+00	1.25000E-04	0.00000E+00	-2.93940E-03
3.12000E+00	2.76880E-03	2.79890E+00	1.25000E-04	0.00000E+00	-2.93800E-03
3.14000E+00	2.79740E-03	2.78520E+00	1.25000E-04	0.00000E+00	-2.95120E-03
3.16000E+00	2.82780E-03	2.79720E+00	1.25000E-04	0.00000E+00	-2.90540E-03
3.18000E+00	2.83020E-03	2.81270E+00	1.25000E-04	0.00000E+00	-2.95340E-03
3.20000E+00	2.80880E-03	2.81080E+00	1.25000E-04	0.00000E+00	-2.95380E-03
3.22000E+00	2.81480E-03	2.81410E+00	1.25000E-04	0.00000E+00	-2.91740E-03
3.24000E+00	2.78820E-03	2.82370E+00	1.25000E-04	0.00000E+00	-2.92800E-03
3.26000E+00	2.78440E-03	2.80370E+00	1.25000E-04	0.00000E+00	-2.95080E-03
3.28000E+00	2.83140E-03	2.81770E+00	1.25000E-04	0.00000E+00	-2.87640E-03
3.30000E+00	2.83440E-03	2.83990E+00	1.25000E-04	0.00000E+00	-2.95640E-03
3.32000E+00	2.79640E-03	2.83760E+00	1.25000E-04	0.00000E+00	-2.95960E-03
3.34000E+00	2.80100E-03	2.83260E+00	1.25000E-04	0.00000E+00	-2.92600E-03
3.36000E+00	2.83780E-03	2.83430E+00	1.25000E-04	0.00000E+00	-2.92640E-03
3.38000E+00	2.77100E-03	2.85810E+00	1.25000E-04	0.00000E+00	-2.93180E-03
3.40000E+00	2.82780E-03	2.83760E+00	1.25000E-04	0.00000E+00	-2.87380E-03
3.42000E+00	2.83020E-03	2.86740E+00	1.25000E-04	0.00000E+00	-2.89820E-03
3.44000E+00	2.79860E-03	2.87400E+00	1.25000E-04	0.00000E+00	-2.95440E-03
3.46000E+00	2.79020E-03	2.86110E+00	1.25000E-04	0.00000E+00	-2.96600E-03
3.48000E+00	2.79380E-03	2.85690E+00	1.25000E-04	0.00000E+00	-2.90440E-03
3.50000E+00	2.79500E-03	2.85980E+00	1.25000E-04	0.00000E+00	-2.91700E-03
3.52000E+00	2.78680E-03	2.87950E+00	1.25000E-04	0.00000E+00	-2.91280E-03
3.54000E+00	2.76660E-03	2.86200E+00	1.25000E-04	0.00000E+00	-2.94180E-03
3.56000E+00	2.83540E-03	2.86530E+00	1.25000E-04	0.00000E+00	-2.84680E-03
3.58000E+00	2.83200E-03	2.90170E+00	1.25000E-04	0.00000E+00	-2.89560E-03
3.60000E+00	2.85100E-03	2.90610E+00	1.25000E-04	0.00000E+00	-2.94440E-03
3.62000E+00	2.77280E-03	2.91610E+00	1.25000E-04	0.00000E+00	-2.95720E-03
3.64000E+00	2.79480E-03	2.88450E+00	1.25000E-04	0.00000E+00	-2.94200E-03
3.66000E+00	2.85380E-03	2.89210E+00	1.25000E-04	0.00000E+00	-2.91060E-03
3.68000E+00	2.75340E-03	2.93320E+00	1.25000E-04	0.00000E+00	-2.90900E-03
3.70000E+00	2.76620E-03	2.88790E+00	1.25000E-04	0.00000E+00	-2.98200E-03
3.72000E+00	2.81240E-03	2.89300E+00	1.25000E-04	0.00000E+00	-2.88520E-03
3.74000E+00	2.76160E-03	2.93140E+00	1.25000E-04	0.00000E+00	-2.96500E-03
3.76000E+00	2.79540E-03	2.90930E+00	1.25000E-04	0.00000E+00	-2.90740E-03
3.78000E+00	2.78680E-03	2.91600E+00	1.25000E-04	0.00000E+00	-2.91600E-03
3.80000E+00	2.86300E-03	2.92980E+00	1.25000E-04	0.00000E+00	-2.92280E-03
3.82000E+00	2.77680E-03	2.94160E+00	1.25000E-04	0.00000E+00	-2.91560E-03
3.84000E+00	2.76940E-03	2.95510E+00	1.25000E-04	0.00000E+00	-2.90560E-03
3.86000E+00	2.80280E-03	2.93450E+00	1.25000E-04	0.00000E+00	-2.89740E-03
3.88000E+00	2.87100E-03	2.94790E+00	1.25000E-04	0.00000E+00	-2.93760E-03
3.90000E+00	2.78960E-03	2.93090E+00	1.25000E-04	0.00000E+00	-2.95300E-03
3.92000E+00	2.83280E-03	2.94060E+00	1.25000E-04	0.00000E+00	-2.88120E-03
3.94000E+00	2.81940E-03	2.97640E+00	1.25000E-04	0.00000E+00	-2.91840E-03
3.96000E+00	2.78540E-03	2.99590E+00	1.25000E-04	0.00000E+00	-2.94180E-03
3.98000E+00	2.83160E-03	2.95840E+00	1.25000E-04	0.00000E+00	-2.93380E-03
4.00000E+00	2.80140E-03	2.96550E+00	1.25000E-04	0.00000E+00	-2.95140E-03
