V1	I1	V2	I2	V3	I3
0.00000E+00	1.08690E-09	0.00000E+00	-1.31460E-09	0.00000E+00	-2.50760E-09
1.00000E-02	9.90600E-10	1.00000E-02	-1.23430E-09	0.00000E+00	2.42000E-09
2.00000E-02	1.05890E-09	2.00000E-02	-1.25750E-09	0.00000E+00	2.09590E-09
3.00000E-02	1.02460E-09	3.00000E-02	-1.30970E-09	0.00000E+00	2.41210E-09
4.00000E-02	1.03910E-09	4.00000E-02	-1.25580E-09	0.00000E+00	2.60380E-09
5.00000E-02	1.20970E-09	5.00000E-02	-1.34030E-09	0.00000E+00	2.26210E-09
6.00000E-02	1.24080E-09	6.00000E-02	-1.26980E-09	0.00000E+00	2.40750E-09
7.00000E-02	1.43120E-09	7.00000E-02	-1.20690E-09	0.00000E+00	2.16390E-09
8.00000E-02	1.66850E-09	8.00000E-02	-1.31190E-09	0.00000E+00	1.81580E-09
9.00000E-02	1.77700E-09	9.00000E-02	-1.23890E-09	0.00000E+00	1.83350E-09
1.00000E-01	1.86630E-09	1.00000E-01	-1.17110E-09	0.00000E+00	1.34070E-09
1.10000E-01	2.31680E-09	1.10000E-01	-1.25270E-09	0.00000E+00	1.14640E-09
1.20000E-01	2.47950E-09	1.20000E-01	-7.36600E-10	0.00000E+00	-3.10860E-09
1.30000E-01	2.96500E-09	1.30000E-01	-8.05200E-10	0.00000E+00	-3.21780E-09
1.40000E-01	3.60310E-09	1.40000E-01	-1.04700E-09	0.00000E+00	-2.20440E-09
1.50000E-01	4.43860E-09	1.50000E-01	-1.05550E-09	0.00000E+00	-1.80860E-09
1.60000E-01	5.59110E-09	1.60000E-01	-1.08490E-09	0.00000E+00	-2.66230E-09
1.70000E-01	6.97440E-09	1.70000E-01	1.94370E-10	0.00000E+00	-9.27080E-09
1.80000E-01	9.02120E-09	1.80000E-01	-5.41000E-10	0.00000E+00	-1.10272E-08
1.90000E-01	1.11488E-08	1.90000E-01	2.69570E-10	0.00000E+00	-1.29218E-08
2.00000E-01	1.43992E-08	2.00000E-01	4.08970E-10	0.00000E+00	-1.60340E-08
2.10000E-01	1.82338E-08	2.10000E-01	8.57000E-11	0.00000E+00	-1.95380E-08
2.20000E-01	2.28952E-08	2.20000E-01	1.37870E-09	0.00000E+00	-2.41406E-08
2.30000E-01	2.96680E-08	2.30000E-01	1.79250E-09	0.00000E+00	-3.34148E-08
2.40000E-01	3.79590E-08	2.40000E-01	2.12520E-09	0.00000E+00	-4.02394E-08
2.50000E-01	4.85188E-08	2.50000E-01	3.63360E-09	0.00000E+00	-5.03908E-08
2.60000E-01	6.33988E-08	2.60000E-01	6.75880E-09	0.00000E+00	-6.95220E-08
2.70000E-01	8.27744E-08	2.70000E-01	9.91510E-09	0.00000E+00	-9.45572E-08
2.80000E-01	1.07476E-07	2.80000E-01	1.47402E-08	0.00000E+00	-1.19120E-07
2.90000E-01	1.40820E-07	2.90000E-01	2.10896E-08	0.00000E+00	-1.60640E-07
3.00000E-01	1.84860E-07	3.00000E-01	3.27056E-08	0.00000E+00	-2.17860E-07
3.10000E-01	2.41200E-07	3.10000E-01	4.77762E-08	0.00000E+00	-2.90700E-07
3.20000E-01	3.17600E-07	3.20000E-01	7.15670E-08	0.00000E+00	-3.88260E-07
3.30000E-01	4.17260E-07	3.30000E-01	1.06048E-07	0.00000E+00	-5.26440E-07
3.40000E-01	5.51160E-07	3.40000E-01	1.57240E-07	0.00000E+00	-7.08380E-07
3.50000E-01	7.26100E-07	3.50000E-01	2.33500E-07	0.00000E+00	-9.55880E-07
3.60000E-01	9.53460E-07	3.60000E-01	3.44560E-07	0.00000E+00	-1.30260E-06
3.70000E-01	1.26200E-06	3.70000E-01	5.10580E-07	0.00000E+00	-1.77440E-06
3.80000E-01	1.66190E-06	3.80000E-01	7.52840E-07	0.00000E+00	-2.41290E-06
3.90000E-01	2.18740E-06	3.90000E-01	1.10532E-06	0.00000E+00	-3.28790E-06
4.00000E-01	2.87860E-06	4.00000E-01	1.63300E-06	0.00000E+00	-4.50110E-06
4.10000E-01	3.77030E-06	4.10000E-01	2.39440E-06	0.00000E+00	-6.17570E-06
4.20000E-01	4.94940E-06	4.20000E-01	3.50110E-06	0.00000E+00	-8.44510E-06
4.30000E-01	6.45930E-06	4.30000E-01	5.10120E-06	0.00000E+00	-1.15639E-05
4.40000E-01	8.39480E-06	4.40000E-01	7.41030E-06	0.00000E+00	-1.57860E-05
4.50000E-01	1.08786E-05	4.50000E-01	1.06888E-05	0.00000E+00	-2.15740E-05
4.60000E-01	1.39820E-05	4.60000E-01	1.52520E-05	0.00000E+00	-2.93040E-05
4.70000E-01	1.79120E-05	4.70000E-01	2.16780E-05	0.00000E+00	-3.95600E-05
4.80000E-01	2.27500E-05	4.80000E-01	3.04640E-05	0.00000E+00	-5.31880E-05
4.90000E-01	2.86280E-05	4.90000E-01	4.23740E-05	0.00000E+00	-7.10140E-05
5.00000E-01	3.56920E-05	5.00000E-01	5.80940E-05	0.00000E+00	-9.37860E-05
5.10000E-01	4.39980E-05	5.10000E-01	7.85100E-05	0.00000E+00	-1.22420E-04
5.20000E-01	5.36120E-05	5.20000E-01	1.04426E-04	0.00000E+00	-1.57980E-04
5.30000E-01	6.45460E-05	5.30000E-01	1.36560E-04	0.00000E+00	-2.01120E-04
5.40000E-01	7.67820E-05	5.40000E-01	1.75720E-04	0.00000E+00	-2.52500E-04
5.50000E-01	9.02720E-05	5.50000E-01	2.22340E-04	0.00000E+00	-3.12560E-04
5.60000E-01	1.04886E-04	5.60000E-01	2.76880E-04	0.00000E+00	-3.81800E-04
5.70000E-01	1.20580E-04	5.70000E-01	3.39700E-04	0.00000E+00	-4.60400E-04
5.80000E-01	1.37220E-04	5.80000E-01	4.10840E-04	0.00000E+00	-5.47960E-04
5.90000E-01	1.54700E-04	5.90000E-01	4.90360E-04	0.00000E+00	-6.44740E-04
6.00000E-01	1.72840E-04	6.00000E-01	5.77940E-04	0.00000E+00	-7.50640E-04
6.10000E-01	1.91540E-04	6.10000E-01	6.73060E-04	0.00000E+00	-8.64420E-04
6.20000E-01	2.10900E-04	6.20000E-01	7.77380E-04	0.00000E+00	-9.88260E-04
6.30000E-01	2.30740E-04	6.30000E-01	8.88920E-04	0.00000E+00	-1.11960E-03
6.40000E-01	2.50880E-04	6.40000E-01	1.00768E-03	0.00000E+00	-1.25840E-03
6.50000E-01	2.71300E-04	6.50000E-01	1.13380E-03	0.00000E+00	-1.40500E-03
6.60000E-01	2.92040E-04	6.60000E-01	1.26680E-03	0.00000E+00	-1.55860E-03
6.70000E-01	3.13060E-04	6.70000E-01	1.40640E-03	0.00000E+00	-1.71980E-03
6.80000E-01	3.34320E-04	6.80000E-01	1.55260E-03	0.00000E+00	-1.88680E-03
6.90000E-01	3.55780E-04	6.90000E-01	1.70500E-03	0.00000E+00	-2.06060E-03
7.00000E-01	3.77540E-04	7.00000E-01	1.86260E-03	0.00000E+00	-2.24100E-03
7.10000E-01	3.99680E-04	7.10000E-01	2.02560E-03	0.00000E+00	-2.42520E-03
7.20000E-01	4.22460E-04	7.20000E-01	2.19400E-03	0.00000E+00	-2.61580E-03
7.30000E-01	4.45920E-04	7.30000E-01	2.36680E-03	0.00000E+00	-2.81260E-03
7.40000E-01	4.70400E-04	7.40000E-01	2.54180E-03	0.00000E+00	-3.01340E-03
7.50000E-01	4.96660E-04	7.50000E-01	2.72020E-03	0.00000E+00	-3.21700E-03
7.60000E-01	5.25020E-04	7.60000E-01	2.90060E-03	0.00000E+00	-3.42480E-03
7.70000E-01	5.55460E-04	7.70000E-01	3.08120E-03	0.00000E+00	-3.63520E-03
7.80000E-01	5.86700E-04	7.80000E-01	3.26280E-03	0.00000E+00	-3.84980E-03
7.90000E-01	6.22680E-04	7.90000E-01	3.44120E-03	0.00000E+00	-4.06360E-03
8.00000E-01	6.60900E-04	8.00000E-01	3.61960E-03	0.00000E+00	-4.27960E-03
8.10000E-01	7.03080E-04	8.10000E-01	3.79280E-03	0.00000E+00	-4.49700E-03
8.20000E-01	7.46120E-04	8.20000E-01	3.96860E-03	0.00000E+00	-4.71500E-03
8.30000E-01	7.96560E-04	8.30000E-01	4.13400E-03	0.00000E+00	-4.92860E-03
8.40000E-01	8.43860E-04	8.40000E-01	4.31020E-03	0.00000E+00	-5.14700E-03
8.50000E-01	8.91420E-04	8.50000E-01	4.48140E-03	0.00000E+00	-5.37360E-03
8.60000E-01	9.47320E-04	8.60000E-01	4.64260E-03	0.00000E+00	-5.59360E-03
8.70000E-01	9.97960E-04	8.70000E-01	4.81740E-03	0.00000E+00	-5.81800E-03
8.80000E-01	1.05814E-03	8.80000E-01	4.98260E-03	0.00000E+00	-6.03500E-03
8.90000E-01	1.10960E-03	8.90000E-01	5.15680E-03	0.00000E+00	-6.26280E-03
9.00000E-01	1.15440E-03	9.00000E-01	5.36620E-03	0.00000E+00	-6.49960E-03
9.10000E-01	1.19620E-03	9.10000E-01	5.56320E-03	0.00000E+00	-6.74980E-03
9.20000E-01	1.24860E-03	9.20000E-01	5.74580E-03	0.00000E+00	-6.98840E-03
9.30000E-01	1.30400E-03	9.30000E-01	5.91620E-03	0.00000E+00	-7.22480E-03
9.40000E-01	1.36380E-03	9.40000E-01	6.09220E-03	0.00000E+00	-7.46160E-03
9.50000E-01	1.42700E-03	9.50000E-01	6.25740E-03	0.00000E+00	-7.69620E-03
9.60000E-01	1.48240E-03	9.60000E-01	6.47980E-03	0.00000E+00	-7.93320E-03
9.70000E-01	1.54440E-03	9.70000E-01	6.64160E-03	0.00000E+00	-8.17580E-03
9.80000E-01	1.59300E-03	9.80000E-01	6.83440E-03	0.00000E+00	-8.43300E-03
9.90000E-01	1.66000E-03	9.90000E-01	7.01440E-03	0.00000E+00	-8.66740E-03
1.00000E+00	1.72440E-03	1.00000E+00	7.19180E-03	0.00000E+00	-8.90820E-03
